0.00000000099999999991 0.00000000099999999991 0.11578008538117708082 0.00000000099999999991 0.04292112316320938897 0.73488511356202490532 0.00000000099999999991 0.10641366989358876094 0.00000000099999999991 0.00000000099999999991 0.00000000099999999991 0.00000000099999999991 
0.00000000099999999965 0.00000000099999999965 0.00000000099999999965 0.00000000099999999965 0.00000000099999999965 0.56745191911903691828 0.00216144413065727818 0.00000000099999999965 0.00000000099999999965 0.43038662775030595009 0.00000000099999999965 0.00000000099999999965 
0.00000000099999999988 0.00000000099999999988 0.00000000099999999988 0.00000000099999999988 0.00000000099999999988 0.44919096747899284194 0.00000000099999999988 0.00000000099999999988 0.00000000099999999988 0.55080902252100705230 0.00000000099999999988 0.00000000099999999988 
0.00000000099999999986 0.00000000099999999986 0.00000000099999999986 0.00000000099999999986 0.00000000099999999986 0.43912348010464036241 0.00000000099999999986 0.00000000099999999986 0.00000000099999999986 0.56087650989535964285 0.00000000099999999986 0.00000000099999999986 
0.00000000099999999974 0.00000000099999999974 0.00000000099999999974 0.00000000099999999974 0.00000000099999999974 0.54017004316598349334 0.00000000099999999974 0.00000000099999999974 0.00000000099999999974 0.45982994683401667846 0.00000000099999999974 0.00000000099999999974 
0.00000000099999999993 0.00000000099999999993 0.97057687351309929191 0.00000000099999999993 0.00000000099999999993 0.02942311648690094580 0.00000000099999999993 0.00000000099999999993 0.00000000099999999993 0.00000000099999999993 0.00000000099999999993 0.00000000099999999993 
0.00699519329657042992 0.00000000099999999996 0.64301473194187808158 0.01030791452422332409 0.00000000099999999996 0.33964364287414505750 0.00000000099999999996 0.00000000099999999996 0.00000000099999999996 0.00003851036318323271 0.00000000099999999996 0.00000000099999999996 
0.00000000099999999962 0.00000000099999999962 0.99999998900000020008 0.00000000099999999962 0.00000000099999999962 0.00000000099999999962 0.00000000099999999962 0.00000000099999999962 0.00000000099999999962 0.00000000099999999962 0.00000000099999999962 0.00000000099999999962 
0.00000000099999999941 0.00000000099999999941 0.00000000099999999941 0.00000000099999999941 0.36808206166457480002 0.63191792833542526076 0.00000000099999999941 0.00000000099999999941 0.00000000099999999941 0.00000000099999999941 0.00000000099999999941 0.00000000099999999941 
0.00000000099999999968 0.00000000099999999968 0.00000000099999999968 0.00000000099999999968 0.11451440455450860589 0.88548558544549160754 0.00000000099999999968 0.00000000099999999968 0.00000000099999999968 0.00000000099999999968 0.00000000099999999968 0.00000000099999999968 
0.00000000099999999939 0.00000000099999999939 0.00000000099999999939 0.00000000099999999939 0.35958461187606538534 0.64041537812393467544 0.00000000099999999939 0.00000000099999999939 0.00000000099999999939 0.00000000099999999939 0.00000000099999999939 0.00000000099999999939 
0.00000000099999999945 0.00000000099999999945 0.00000000099999999945 0.00000000099999999945 0.36489603727310171433 0.63510395272689834645 0.00000000099999999945 0.00000000099999999945 0.00000000099999999945 0.00000000099999999945 0.00000000099999999945 0.00000000099999999945 
0.00000000099999999967 0.00000000099999999967 0.00000000099999999967 0.00000000099999999967 0.11133271817731107967 0.88866727182268911989 0.00000000099999999967 0.00000000099999999967 0.00000000099999999967 0.00000000099999999967 0.00000000099999999967 0.00000000099999999967 
0.00000000099999999968 0.00000000099999999968 0.00000000099999999968 0.00000000099999999968 0.10930226796574338266 0.86377994739805119551 0.00000000099999999968 0.02691777563620560351 0.00000000099999999968 0.00000000099999999968 0.00000000099999999968 0.00000000099999999968 
0.00000000099999999985 0.00000000099999999985 0.00000000099999999985 0.02166104610406315023 0.06518733929873861410 0.81807512685248706674 0.00000000099999999985 0.09507647974471131191 0.00000000099999999985 0.00000000099999999985 0.00000000099999999985 0.00000000099999999985 
0.00000000099999999979 0.00000000099999999979 0.00000000099999999979 0.04352366333185947456 0.14263037325598579286 0.64503814963580197173 0.00000000099999999979 0.16500771493845550753 0.00380009183789735850 0.00000000099999999979 0.00000000099999999979 0.00000000099999999979 
0.00000000099999999926 0.00000000099999999926 0.00000000099999999926 0.00000000099999999926 0.00000000099999999926 0.00000000099999999926 0.00000000099999999926 0.00000000099999999926 0.99999998899999997803 0.00000000099999999926 0.00000000099999999926 0.00000000099999999926 
0.00000000099999999936 0.00000000099999999936 0.00000000099999999936 0.00000000099999999936 0.00000000099999999936 0.00000000099999999936 0.00000000099999999936 0.00000000099999999936 0.99999998900000008906 0.00000000099999999936 0.00000000099999999936 0.00000000099999999936 
0.00000000099999999923 0.00000000099999999923 0.00000000099999999923 0.00000000099999999923 0.00000000099999999923 0.00000000099999999923 0.00000000099999999923 0.00000000099999999923 0.99999998899999997803 0.00000000099999999923 0.00000000099999999923 0.00000000099999999923 
0.00000000099999999926 0.00000000099999999926 0.00000000099999999926 0.00000000099999999926 0.00000000099999999926 0.00000000099999999926 0.00000000099999999926 0.00000000099999999926 0.99999998899999997803 0.00000000099999999926 0.00000000099999999926 0.00000000099999999926 
0.00000000099999999927 0.00000000099999999927 0.00000000099999999927 0.00000000099999999927 0.00000000099999999927 0.00000000099999999927 0.00000000099999999927 0.00000000099999999927 0.99999998899999997803 0.00000000099999999927 0.00000000099999999927 0.00000000099999999927 
0.00000000099999999975 0.00000000099999999975 0.00000000099999999975 0.00000000099999999975 0.00000000099999999975 0.00000000099999999975 0.00000000099999999975 0.00000000099999999975 0.99999998899999997803 0.00000000099999999975 0.00000000099999999975 0.00000000099999999975 
0.00000000099999999916 0.00000000099999999916 0.00000000099999999916 0.00000000099999999916 0.00000000099999999916 0.00000000099999999916 0.00000000099999999916 0.00000000099999999916 0.99999998900000008906 0.00000000099999999916 0.00000000099999999916 0.00000000099999999916 
0.00000000099999999933 0.00000000099999999933 0.00000000099999999933 0.00000000099999999933 0.00000000099999999933 0.00000000099999999933 0.00000000099999999933 0.00000000099999999933 0.99999998899999997803 0.00000000099999999933 0.00000000099999999933 0.00000000099999999933 
0.00000000099999999911 0.99999998900000031110 0.00000000099999999911 0.00000000099999999911 0.00000000099999999911 0.00000000099999999911 0.00000000099999999911 0.00000000099999999911 0.00000000099999999911 0.00000000099999999911 0.00000000099999999911 0.00000000099999999911 
0.03791179656476413584 0.96208819343523621637 0.00000000099999999960 0.00000000099999999960 0.00000000099999999960 0.00000000099999999960 0.00000000099999999960 0.00000000099999999960 0.00000000099999999960 0.00000000099999999960 0.00000000099999999960 0.00000000099999999960 
0.00000000099999999889 0.99999998900000008906 0.00000000099999999889 0.00000000099999999889 0.00000000099999999889 0.00000000099999999889 0.00000000099999999889 0.00000000099999999889 0.00000000099999999889 0.00000000099999999889 0.00000000099999999889 0.00000000099999999889 
0.00000000099999999910 0.99999998900000020008 0.00000000099999999910 0.00000000099999999910 0.00000000099999999910 0.00000000099999999910 0.00000000099999999910 0.00000000099999999910 0.00000000099999999910 0.00000000099999999910 0.00000000099999999910 0.00000000099999999910 
0.00000000099999999889 0.99999998900000008906 0.00000000099999999889 0.00000000099999999889 0.00000000099999999889 0.00000000099999999889 0.00000000099999999889 0.00000000099999999889 0.00000000099999999889 0.00000000099999999889 0.00000000099999999889 0.00000000099999999889 
0.00000000099999999946 0.99999998900000031110 0.00000000099999999946 0.00000000099999999946 0.00000000099999999946 0.00000000099999999946 0.00000000099999999946 0.00000000099999999946 0.00000000099999999946 0.00000000099999999946 0.00000000099999999946 0.00000000099999999946 
0.00000000099999999895 0.99999998900000008906 0.00000000099999999895 0.00000000099999999895 0.00000000099999999895 0.00000000099999999895 0.00000000099999999895 0.00000000099999999895 0.00000000099999999895 0.00000000099999999895 0.00000000099999999895 0.00000000099999999895 
0.00000000099999999891 0.99999998900000008906 0.00000000099999999891 0.00000000099999999891 0.00000000099999999891 0.00000000099999999891 0.00000000099999999891 0.00000000099999999891 0.00000000099999999891 0.00000000099999999891 0.00000000099999999891 0.00000000099999999891 
0.00000000099999999990 0.02426730250921579207 0.00675094265931183192 0.00000000099999999990 0.03988025762774952826 0.90239929745649816173 0.02670219274722480593 0.00000000099999999990 0.00000000099999999990 0.00000000099999999990 0.00000000099999999990 0.00000000099999999990 
0.00000000099999999968 0.00000000099999999968 0.00000000099999999968 0.00000000099999999968 0.12175516567098718101 0.87824482432901285200 0.00000000099999999968 0.00000000099999999968 0.00000000099999999968 0.00000000099999999968 0.00000000099999999968 0.00000000099999999968 
0.00000000099999999970 0.00000000099999999970 0.00000000099999999970 0.00000000099999999970 0.13489379155843098101 0.86510619844156921854 0.00000000099999999970 0.00000000099999999970 0.00000000099999999970 0.00000000099999999970 0.00000000099999999970 0.00000000099999999970 
0.00000000099999999909 0.00000000099999999909 0.00000000099999999909 0.00000000099999999909 0.00000000099999999909 0.00000000099999999909 0.00000000099999999909 0.00000000099999999909 0.99999998899999997803 0.00000000099999999909 0.00000000099999999909 0.00000000099999999909 
0.00000000099999999919 0.00000000099999999919 0.00000000099999999919 0.00000000099999999919 0.00000000099999999919 0.00000000099999999919 0.00000000099999999919 0.00000000099999999919 0.99999998900000008906 0.00000000099999999919 0.00000000099999999919 0.00000000099999999919 
0.00000000099999999977 0.03028218135443751236 0.00000000099999999977 0.01220486194697897354 0.00000000099999999977 0.00000000099999999977 0.00000000099999999977 0.00000000099999999977 0.95751294769858341649 0.00000000099999999977 0.00000000099999999977 0.00000000099999999977 
0.00000000099999999992 0.00000000099999999992 0.00000000099999999992 0.00000000099999999992 0.04184105982218819936 0.02440988216984560713 0.00000000099999999992 0.00000000099999999992 0.93374904900796629192 0.00000000099999999992 0.00000000099999999992 0.00000000099999999992 
0.00000000099999999943 0.00000000099999999943 0.00000000099999999943 0.00004410248611944719 0.00000000099999999943 0.00000000099999999943 0.00000000099999999943 0.00000000099999999943 0.99995588751388053694 0.00000000099999999943 0.00000000099999999943 0.00000000099999999943 
0.00000000099999999927 0.00000000099999999927 0.00000000099999999927 0.00000000099999999927 0.00000000099999999927 0.00000000099999999927 0.00000000099999999927 0.00000000099999999927 0.99999998900000008906 0.00000000099999999927 0.00000000099999999927 0.00000000099999999927 
0.00000000099999999886 0.00000000099999999886 0.00000000099999999886 0.00000000099999999886 0.99999998900000008906 0.00000000099999999886 0.00000000099999999886 0.00000000099999999886 0.00000000099999999886 0.00000000099999999886 0.00000000099999999886 0.00000000099999999886 
0.00000000099999999950 0.00000000099999999950 0.00000000099999999950 0.00000000099999999950 0.99999998900000020008 0.00000000099999999950 0.00000000099999999950 0.00000000099999999950 0.00000000099999999950 0.00000000099999999950 0.00000000099999999950 0.00000000099999999950 
0.00000000099999999898 0.00000000099999999898 0.00000000099999999898 0.00000000099999999898 0.99999998900000008906 0.00000000099999999898 0.00000000099999999898 0.00000000099999999898 0.00000000099999999898 0.00000000099999999898 0.00000000099999999898 0.00000000099999999898 
0.00000000099999999874 0.00000000099999999874 0.00000000099999999874 0.00000000099999999874 0.99999998900000008906 0.00000000099999999874 0.00000000099999999874 0.00000000099999999874 0.00000000099999999874 0.00000000099999999874 0.00000000099999999874 0.00000000099999999874 
0.00000000099999999885 0.00000000099999999885 0.00000000099999999885 0.00000000099999999885 0.99999998900000008906 0.00000000099999999885 0.00000000099999999885 0.00000000099999999885 0.00000000099999999885 0.00000000099999999885 0.00000000099999999885 0.00000000099999999885 
0.00000000099999999874 0.00000000099999999874 0.00000000099999999874 0.00000000099999999874 0.99999998899999997803 0.00000000099999999874 0.00000000099999999874 0.00000000099999999874 0.00000000099999999874 0.00000000099999999874 0.00000000099999999874 0.00000000099999999874 
0.00000000099999999880 0.00000000099999999880 0.00000000099999999880 0.00000000099999999880 0.99999998899999997803 0.00000000099999999880 0.00000000099999999880 0.00000000099999999880 0.00000000099999999880 0.00000000099999999880 0.00000000099999999880 0.00000000099999999880 
0.00000000099999999878 0.00000000099999999878 0.00000000099999999878 0.00000000099999999878 0.99999998900000008906 0.00000000099999999878 0.00000000099999999878 0.00000000099999999878 0.00000000099999999878 0.00000000099999999878 0.00000000099999999878 0.00000000099999999878 
0.99999998900000020008 0.00000000099999999922 0.00000000099999999922 0.00000000099999999922 0.00000000099999999922 0.00000000099999999922 0.00000000099999999922 0.00000000099999999922 0.00000000099999999922 0.00000000099999999922 0.00000000099999999922 0.00000000099999999922 
0.99999998900000031110 0.00000000099999999980 0.00000000099999999980 0.00000000099999999980 0.00000000099999999980 0.00000000099999999980 0.00000000099999999980 0.00000000099999999980 0.00000000099999999980 0.00000000099999999980 0.00000000099999999980 0.00000000099999999980 
0.99999998900000031110 0.00000000099999999921 0.00000000099999999921 0.00000000099999999921 0.00000000099999999921 0.00000000099999999921 0.00000000099999999921 0.00000000099999999921 0.00000000099999999921 0.00000000099999999921 0.00000000099999999921 0.00000000099999999921 
0.99999998900000020008 0.00000000099999999942 0.00000000099999999942 0.00000000099999999942 0.00000000099999999942 0.00000000099999999942 0.00000000099999999942 0.00000000099999999942 0.00000000099999999942 0.00000000099999999942 0.00000000099999999942 0.00000000099999999942 
0.99999998900000031110 0.00000000099999999928 0.00000000099999999928 0.00000000099999999928 0.00000000099999999928 0.00000000099999999928 0.00000000099999999928 0.00000000099999999928 0.00000000099999999928 0.00000000099999999928 0.00000000099999999928 0.00000000099999999928 
0.99999998900000031110 0.00000000099999999980 0.00000000099999999980 0.00000000099999999980 0.00000000099999999980 0.00000000099999999980 0.00000000099999999980 0.00000000099999999980 0.00000000099999999980 0.00000000099999999980 0.00000000099999999980 0.00000000099999999980 
0.99999998900000031110 0.00000000099999999969 0.00000000099999999969 0.00000000099999999969 0.00000000099999999969 0.00000000099999999969 0.00000000099999999969 0.00000000099999999969 0.00000000099999999969 0.00000000099999999969 0.00000000099999999969 0.00000000099999999969 
0.99999998900000031110 0.00000000099999999983 0.00000000099999999983 0.00000000099999999983 0.00000000099999999983 0.00000000099999999983 0.00000000099999999983 0.00000000099999999983 0.00000000099999999983 0.00000000099999999983 0.00000000099999999983 0.00000000099999999983 
0.00000000099999999973 0.00000000099999999973 0.00000000099999999973 0.00000000099999999973 0.03551165561091797207 0.96448833438908210258 0.00000000099999999973 0.00000000099999999973 0.00000000099999999973 0.00000000099999999973 0.00000000099999999973 0.00000000099999999973 
0.00603653852480940528 0.00000000099999999989 0.00000000099999999989 0.02211284964533012654 0.00000000099999999989 0.97185059923840355633 0.00000000099999999989 0.00000000099999999989 0.00000000459145700440 0.00000000099999999989 0.00000000099999999989 0.00000000099999999989 
0.00000000099999999979 0.00000000099999999979 0.00000000099999999979 0.00000000099999999979 0.00000000099999999979 0.99999998900000020008 0.00000000099999999979 0.00000000099999999979 0.00000000099999999979 0.00000000099999999979 0.00000000099999999979 0.00000000099999999979 
0.00000000099999999987 0.00000000099999999987 0.00000000099999999987 0.00000019436631239033 0.08269765874365084257 0.91730213789003678393 0.00000000099999999987 0.00000000099999999987 0.00000000099999999987 0.00000000099999999987 0.00000000099999999987 0.00000000099999999987 
0.00127569423428362306 0.00000000099999999987 0.00000000099999999987 0.00000000099999999987 0.03065249470718690167 0.94920184011845909478 0.01886996294007049421 0.00000000099999999987 0.00000000099999999987 0.00000000099999999987 0.00000000099999999987 0.00000000099999999987 
0.00000000099999999986 0.00000000099999999986 0.00000000099999999986 0.01085632659629925251 0.00879683234209995696 0.98034679450770190190 0.00000003855389896047 0.00000000099999999986 0.00000000099999999986 0.00000000099999999986 0.00000000099999999986 0.00000000099999999986 
0.00000000099999999971 0.00000000099999999971 0.00000000099999999971 0.00000000099999999971 0.06985224868580675039 0.93014774131419331038 0.00000000099999999971 0.00000000099999999971 0.00000000099999999971 0.00000000099999999971 0.00000000099999999971 0.00000000099999999971 
0.00000000099999999979 0.00000000099999999979 0.00000000099999999979 0.00000000099999999979 0.00000000099999999979 0.99999998900000008906 0.00000000099999999979 0.00000000099999999979 0.00000000099999999979 0.00000000099999999979 0.00000000099999999979 0.00000000099999999979 
0.00000000099999999982 0.00000000099999999982 0.00000000099999999982 0.00000000099999999982 0.00000000099999999982 0.88320379039275254129 0.00000000099999999982 0.00000000099999999982 0.00000000099999999982 0.11679619960724751948 0.00000000099999999982 0.00000000099999999982 
0.00000000099999999966 0.00000000099999999966 0.00000000099999999966 0.00000000099999999966 0.00000000099999999966 0.85807093580769655539 0.03867675539525038814 0.00000000099999999966 0.00000000099999999966 0.10325229979705310979 0.00000000099999999966 0.00000000099999999966 
0.00000000099999999954 0.00000000099999999954 0.00000000099999999954 0.00000000099999999954 0.00000000099999999954 0.81661513746979075279 0.00000000099999999954 0.00000000099999999954 0.00000000099999999954 0.18338485253020944676 0.00000000099999999954 0.00000000099999999954 
0.00000000099999999992 0.01084807651952432624 0.00000000099999999992 0.00000000099999999992 0.00000000099999999992 0.96418085293170052719 0.01258684196530672136 0.00000000099999999992 0.00000000099999999992 0.01238422058346845891 0.00000000099999999992 0.00000000099999999992 
0.02011835863910720404 0.00004701296636771830 0.00825795799581357376 0.00000000099999999994 0.00000000099999999994 0.81987135990238924066 0.00000000099999999994 0.09313839586479519261 0.00000000099999999994 0.05856690863152726190 0.00000000099999999994 0.00000000099999999994 
0.00000049243664843276 0.02495421056447058583 0.01996041979973785241 0.00000000099999999996 0.01015881036522902486 0.75408434306292149163 0.00000000099999999996 0.12349420323484582018 0.00000000099999999996 0.03853802212960412421 0.00000000099999999996 0.02880949440654280436 
0.00000000099999999982 0.00000000099999999982 0.00000000099999999982 0.00000000099999999982 0.00522652956586633008 0.69016687253195285745 0.02044373105215038441 0.12704182535867633574 0.00000000099999999982 0.15712103449135420008 0.00000000099999999982 0.00000000099999999982 
0.00000000099999999980 0.00000000099999999980 0.00000000099999999980 0.00000000099999999980 0.00000000099999999980 0.82099105483536660710 0.00000000099999999980 0.17900893516463348143 0.00000000099999999980 0.00000000099999999980 0.00000000099999999980 0.00000000099999999980 
0.00000000099999999958 0.00000000099999999958 0.00000000099999999958 0.00000000099999999958 0.00000000099999999958 0.89703306493189161053 0.00000000099999999958 0.00000000099999999958 0.00000000099999999958 0.10296692506810843637 0.00000000099999999958 0.00000000099999999958 
0.00000000099999999971 0.02728799741952995378 0.00000000099999999971 0.00000000099999999971 0.00000000099999999971 0.71253857009263876776 0.05492506829794611967 0.17462130197601927195 0.00000000099999999971 0.03062705521386586277 0.00000000099999999971 0.00000000099999999971 
0.00000000099999999965 0.00000000099999999965 0.00000000099999999965 0.00000000099999999965 0.00223521607399098819 0.77467777525172865083 0.00873265594152380920 0.12889733640010644922 0.00000000099999999965 0.08545700933265015786 0.00000000099999999965 0.00000000099999999965 
0.00000000099999999959 0.00000000099999999959 0.00000000099999999959 0.00000000099999999959 0.00000000099999999959 0.83983239963621147961 0.00000000099999999959 0.15132360814607309640 0.00000000099999999959 0.00884398321771563863 0.00000000099999999959 0.00000000099999999959 
0.00000000099999999972 0.00000000099999999972 0.00000000099999999972 0.00000000099999999972 0.02364946804174227965 0.95364665614312749131 0.02270386681513029969 0.00000000099999999972 0.00000000099999999972 0.00000000099999999972 0.00000000099999999972 0.00000000099999999972 
0.00000000099999999968 0.00000000099999999968 0.00000000099999999968 0.00000000099999999968 0.00171070233086105918 0.85874475398759242406 0.00000000099999999968 0.00000000099999999968 0.00000000099999999968 0.13954453468154665030 0.00000000099999999968 0.00000000099999999968 
0.00000000099999999963 0.00000000099999999963 0.00000000099999999963 0.00000000099999999963 0.00000000099999999963 0.94065548000302023901 0.00000000099999999963 0.00000000099999999963 0.00000000099999999963 0.05934450999697987034 0.00000000099999999963 0.00000000099999999963 
0.00000000099999999985 0.02713017433757195299 0.00000000099999999985 0.00000000099999999985 0.00017262192300317587 0.59885788352515323396 0.03105643255254873780 0.16775783670558444549 0.00000000099999999985 0.17502504495613860347 0.00000000099999999985 0.00000000099999999985 
0.92166573994683087534 0.00000000099999999981 0.00000000099999999981 0.04672879460075232694 0.00000000099999999981 0.00000000099999999981 0.00000000099999999981 0.00000000099999999981 0.00000000099999999981 0.00000000099999999981 0.03160545645241712859 0.00000000099999999981 
0.88598074766321566198 0.00000000099999999963 0.00000000099999999963 0.11401924233678453757 0.00000000099999999963 0.00000000099999999963 0.00000000099999999963 0.00000000099999999963 0.00000000099999999963 0.00000000099999999963 0.00000000099999999963 0.00000000099999999963 
0.83642101095020626733 0.00000000099999999975 0.00000000099999999975 0.16357897904979387671 0.00000000099999999975 0.00000000099999999975 0.00000000099999999975 0.00000000099999999975 0.00000000099999999975 0.00000000099999999975 0.00000000099999999975 0.00000000099999999975 
0.99971663028032675680 0.00000000099999999982 0.00000000099999999982 0.00028335971967345577 0.00000000099999999982 0.00000000099999999982 0.00000000099999999982 0.00000000099999999982 0.00000000099999999982 0.00000000099999999982 0.00000000099999999982 0.00000000099999999982 
0.88867928966923792622 0.00000000099999999986 0.00000000099999999986 0.11132070033076227333 0.00000000099999999986 0.00000000099999999986 0.00000000099999999986 0.00000000099999999986 0.00000000099999999986 0.00000000099999999986 0.00000000099999999986 0.00000000099999999986 
0.93027542457853640290 0.00000000099999999990 0.00000000099999999990 0.04178893577430986550 0.00000000099999999990 0.02793563064715401389 0.00000000099999999990 0.00000000099999999990 0.00000000099999999990 0.00000000099999999990 0.00000000099999999990 0.00000000099999999990 
0.99999998900000031110 0.00000000099999999991 0.00000000099999999991 0.00000000099999999991 0.00000000099999999991 0.00000000099999999991 0.00000000099999999991 0.00000000099999999991 0.00000000099999999991 0.00000000099999999991 0.00000000099999999991 0.00000000099999999991 
0.89832362442241209255 0.00000000099999999947 0.00000000099999999947 0.04804484841789855715 0.00000000099999999947 0.00000000099999999947 0.00000000099999999947 0.00000000099999999947 0.00000000099999999947 0.00000000099999999947 0.05363151815968959790 0.00000000099999999947 
0.00000000099999999951 0.00000000099999999951 0.00000000099999999951 0.00000000099999999951 0.03186045417192923807 0.96813953582807088516 0.00000000099999999951 0.00000000099999999951 0.00000000099999999951 0.00000000099999999951 0.00000000099999999951 0.00000000099999999951 
0.00000000099999999989 0.00000000099999999989 0.00000000099999999989 0.00000000099999999989 0.00000000099999999989 0.84916149875023327898 0.00000000099999999989 0.06998164107464675820 0.00000000099999999989 0.00000000099999999989 0.00000000099999999989 0.08085685117512000919 
0.00000000099999999990 0.00000000099999999990 0.00000000099999999990 0.00245875943113505911 0.00000000099999999990 0.98306976120392630669 0.00000000099999999990 0.00000000099999999990 0.00000000099999999990 0.00000000099999999990 0.01447147036493873218 0.00000000099999999990 
0.00000000099999999989 0.00000000099999999989 0.00000000099999999989 0.00000000099999999989 0.01577696560600176309 0.97156351629893622501 0.00000000099999999989 0.00000000099999999989 0.00000000099999999989 0.01265950909506216929 0.00000000099999999989 0.00000000099999999989 
0.00000000099999999971 0.00000000099999999971 0.00000000099999999971 0.00000000099999999971 0.00000000099999999971 0.99999998900000020008 0.00000000099999999971 0.00000000099999999971 0.00000000099999999971 0.00000000099999999971 0.00000000099999999971 0.00000000099999999971 
0.00000000099999999935 0.00000000099999999935 0.00000000099999999935 0.00000000099999999935 0.04471527756676411253 0.95528471243323609396 0.00000000099999999935 0.00000000099999999935 0.00000000099999999935 0.00000000099999999935 0.00000000099999999935 0.00000000099999999935 
0.00000000099999999986 0.00000000099999999986 0.00000000099999999986 0.00000000099999999986 0.06586126700759274699 0.92742113996546493571 0.00000000099999999986 0.00000000099999999986 0.00000000099999999986 0.00671758402694236974 0.00000000099999999986 0.00000000099999999986 
0.00000000099999999935 0.00000000099999999935 0.00000000099999999935 0.00000000099999999935 0.03499375081698653106 0.93721410542713234904 0.02393725500583985394 0.00385488075004118214 0.00000000099999999935 0.00000000099999999935 0.00000000099999999935 0.00000000099999999935 
0.00000000099999999950 0.00000000099999999950 0.00000000099999999950 0.00000000099999999950 0.00000000099999999950 0.00000000099999999950 0.00000000099999999950 0.82917031586577261137 0.00000000099999999950 0.17082967413422736613 0.00000000099999999950 0.00000000099999999950 
0.00000000099999999981 0.00000000099999999981 0.00000000099999999981 0.00000000099999999981 0.00820730629255274867 0.08619208548478060616 0.02905351404821390759 0.75728968876598512505 0.00000000099999999981 0.11925739840846763529 0.00000000099999999981 0.00000000099999999981 
0.00000000099999999971 0.00000000099999999971 0.00000000099999999971 0.00000000099999999971 0.00000000099999999971 0.00000000099999999971 0.06490460670013803446 0.77822292922268676563 0.00000000099999999971 0.15687245507717531567 0.00000000099999999971 0.00000000099999999971 
0.00000000099999999948 0.00000000099999999948 0.00000000099999999948 0.00000000099999999948 0.00000000099999999948 0.00000000099999999948 0.00000000099999999948 0.77016578171200733571 0.00000000099999999948 0.22983420828799275282 0.00000000099999999948 0.00000000099999999948 
0.00000000099999999937 0.00000000099999999937 0.00000000099999999937 0.00000000099999999937 0.00000000099999999937 0.00000000099999999937 0.00000000099999999937 0.81927520946637877319 0.00000000099999999937 0.18072478053362128758 0.00000000099999999937 0.00000000099999999937 
0.00000000099999999943 0.00000000099999999943 0.00000000099999999943 0.00000000099999999943 0.00000000099999999943 0.00000000099999999943 0.00000000099999999943 0.76237754194203544156 0.00000000099999999943 0.23762244805796464697 0.00000000099999999943 0.00000000099999999943 
0.00000000099999999995 0.00000000099999999995 0.00000000099999999995 0.00000000099999999995 0.00000000099999999995 0.02595163484827804970 0.00000000099999999995 0.57362994469367201145 0.02094070604534274682 0.37947770641270717196 0.00000000099999999995 0.00000000099999999995 
0.70303472377608633437 0.00000000099999999946 0.00000000099999999946 0.06121768214081854675 0.00000000099999999946 0.00000000099999999946 0.00000000099999999946 0.00000000099999999946 0.23574758508309526239 0.00000000099999999946 0.00000000099999999946 0.00000000099999999946 
0.53653189690145342006 0.00000000099999999938 0.00000000099999999938 0.09952034608774630586 0.00000000099999999938 0.00000000099999999938 0.00000000099999999938 0.00000000099999999938 0.30157091624382126316 0.00000000099999999938 0.06237683276697923718 0.00000000099999999938 
0.63348438257365080606 0.00000000099999999940 0.00000000099999999940 0.07110152845247130760 0.00000000099999999940 0.00000000099999999940 0.00000000099999999940 0.00000000099999999940 0.15134719171794064341 0.00000000099999999940 0.14406688925593746919 0.00000000099999999940 
0.52693941440851521651 0.00000000099999999938 0.00000000099999999938 0.11518067922952171522 0.00000000099999999938 0.00000000099999999938 0.00000000099999999938 0.00000000099999999938 0.28613715735082473346 0.00000000099999999938 0.07174274101113842228 0.00000000099999999938 
0.50966858122822833455 0.00000000099999999945 0.00000000099999999945 0.15974760946047483756 0.00000000099999999945 0.00000000099999999945 0.00000000099999999945 0.00000000099999999945 0.20381516207831448795 0.00000000099999999945 0.12676863923298242742 0.00000000099999999945 
0.69975415265322815639 0.00000000099999999982 0.00000000099999999982 0.07276823134036952689 0.00000000099999999982 0.00000000099999999982 0.00000000099999999982 0.00000000099999999982 0.14677393606930902448 0.00000000099999999982 0.08070367193709354625 0.00000000099999999982 
0.00000000099999999918 0.00000000099999999918 0.00000000099999999918 0.12380797686460874585 0.00000000099999999918 0.00000000099999999918 0.00000000099999999918 0.00000000099999999918 0.87619201313539130105 0.00000000099999999918 0.00000000099999999918 0.00000000099999999918 
0.00000000099999999923 0.00000000099999999923 0.00000000099999999923 0.00000000099999999923 0.00000000099999999923 0.00000000099999999923 0.00000000099999999923 0.00000000099999999923 0.99999998900000008906 0.00000000099999999923 0.00000000099999999923 0.00000000099999999923 
0.00000000099999999916 0.00000000099999999916 0.00000000099999999916 0.00000000099999999916 0.00000000099999999916 0.00000000099999999916 0.00000000099999999916 0.00000000099999999916 0.99999998899999997803 0.00000000099999999916 0.00000000099999999916 0.00000000099999999916 
0.00000000099999999917 0.00000000099999999917 0.00000000099999999917 0.14412071046898880522 0.00000000099999999917 0.00000000099999999917 0.00000000099999999917 0.00000000099999999917 0.85587927953101117229 0.00000000099999999917 0.00000000099999999917 0.00000000099999999917 
0.00000000099999999917 0.00000000099999999917 0.00000000099999999917 0.14839817626562851194 0.00000000099999999917 0.00000000099999999917 0.00000000099999999917 0.00000000099999999917 0.85160181373437149333 0.00000000099999999917 0.00000000099999999917 0.00000000099999999917 
0.00000000099999999912 0.00000000099999999912 0.00000000099999999912 0.14155881878898032844 0.00000000099999999912 0.00000000099999999912 0.00000000099999999912 0.00000000099999999912 0.85844117121101970458 0.00000000099999999912 0.00000000099999999912 0.00000000099999999912 
0.00000000099999999912 0.00000000099999999912 0.00000000099999999912 0.00000000099999999912 0.00000000099999999912 0.00000000099999999912 0.00000000099999999912 0.00000000099999999912 0.99999998900000008906 0.00000000099999999912 0.00000000099999999912 0.00000000099999999912 
0.00000000099999999908 0.00000000099999999908 0.00000000099999999908 0.00000000099999999908 0.00000000099999999908 0.00000000099999999908 0.00000000099999999908 0.00000000099999999908 0.99999998899999997803 0.00000000099999999908 0.00000000099999999908 0.00000000099999999908 
0.00000000099999999898 0.00000000099999999898 0.00000000099999999898 0.00000000099999999898 0.00000000099999999898 0.00000000099999999898 0.00000000099999999898 0.00000000099999999898 0.00000000099999999898 0.00000000099999999898 0.99999998899999997803 0.00000000099999999898 
0.00000000099999999906 0.00000000099999999906 0.00000000099999999906 0.00000000099999999906 0.00000000099999999906 0.00000000099999999906 0.00000000099999999906 0.00000000099999999906 0.00000000099999999906 0.00000000099999999906 0.99999998899999986701 0.00000000099999999906 
0.00000000099999999900 0.00000000099999999900 0.00000000099999999900 0.00000000099999999900 0.00000000099999999900 0.00000000099999999900 0.00000000099999999900 0.00000000099999999900 0.00000000099999999900 0.00000000099999999900 0.99999998899999997803 0.00000000099999999900 
0.00000000099999999917 0.00000000099999999917 0.00000000099999999917 0.00000000099999999917 0.00000000099999999917 0.00000000099999999917 0.00000000099999999917 0.00000000099999999917 0.00000000099999999917 0.00000000099999999917 0.99999998899999997803 0.00000000099999999917 
0.00000000099999999905 0.00000000099999999905 0.00000000099999999905 0.00000000099999999905 0.00000000099999999905 0.00000000099999999905 0.00000000099999999905 0.00000000099999999905 0.00000000099999999905 0.00000000099999999905 0.99999998899999986701 0.00000000099999999905 
0.00000000099999999897 0.00000000099999999897 0.00000000099999999897 0.00000000099999999897 0.00000000099999999897 0.00000000099999999897 0.00000000099999999897 0.00000000099999999897 0.00000000099999999897 0.00000000099999999897 0.99999998899999986701 0.00000000099999999897 
0.00000000099999999892 0.00000000099999999892 0.00000000099999999892 0.00000000099999999892 0.00000000099999999892 0.00000000099999999892 0.00000000099999999892 0.00000000099999999892 0.00000000099999999892 0.00000000099999999892 0.99999998899999997803 0.00000000099999999892 
0.00000000099999999897 0.00000000099999999897 0.00000000099999999897 0.00000000099999999897 0.00000000099999999897 0.00000000099999999897 0.00000000099999999897 0.00000000099999999897 0.00000000099999999897 0.00000000099999999897 0.99999998899999986701 0.00000000099999999897 
0.00000000099999999902 0.00000000099999999902 0.00000000099999999902 0.00000000099999999902 0.00000000099999999902 0.00000000099999999902 0.99999998899999997803 0.00000000099999999902 0.00000000099999999902 0.00000000099999999902 0.00000000099999999902 0.00000000099999999902 
0.00000000099999999915 0.00000000099999999915 0.00000000099999999915 0.00000000099999999915 0.00000000099999999915 0.00000000099999999915 0.99999998899999997803 0.00000000099999999915 0.00000000099999999915 0.00000000099999999915 0.00000000099999999915 0.00000000099999999915 
0.00000000099999999934 0.00000000099999999934 0.00000000099999999934 0.00000000099999999934 0.00000000099999999934 0.00000000099999999934 0.99999998900000008906 0.00000000099999999934 0.00000000099999999934 0.00000000099999999934 0.00000000099999999934 0.00000000099999999934 
0.00000000099999999917 0.00000000099999999917 0.00000000099999999917 0.00000000099999999917 0.00000000099999999917 0.00000000099999999917 0.99999998900000008906 0.00000000099999999917 0.00000000099999999917 0.00000000099999999917 0.00000000099999999917 0.00000000099999999917 
0.00000000099999999905 0.00000000099999999905 0.00000000099999999905 0.00000000099999999905 0.00000000099999999905 0.00000000099999999905 0.99999998899999997803 0.00000000099999999905 0.00000000099999999905 0.00000000099999999905 0.00000000099999999905 0.00000000099999999905 
0.00000000099999999909 0.00000000099999999909 0.00000000099999999909 0.00000000099999999909 0.00000000099999999909 0.00000000099999999909 0.99999998900000008906 0.00000000099999999909 0.00000000099999999909 0.00000000099999999909 0.00000000099999999909 0.00000000099999999909 
0.00000000099999999898 0.00000000099999999898 0.00000000099999999898 0.00000000099999999898 0.00000000099999999898 0.00000000099999999898 0.99999998899999986701 0.00000000099999999898 0.00000000099999999898 0.00000000099999999898 0.00000000099999999898 0.00000000099999999898 
0.00000000099999999930 0.00000000099999999930 0.00000000099999999930 0.00000000099999999930 0.00000000099999999930 0.00000000099999999930 0.99999998899999997803 0.00000000099999999930 0.00000000099999999930 0.00000000099999999930 0.00000000099999999930 0.00000000099999999930 
0.00000000099999999934 0.00000000099999999934 0.00000000099999999934 0.99999998900000008906 0.00000000099999999934 0.00000000099999999934 0.00000000099999999934 0.00000000099999999934 0.00000000099999999934 0.00000000099999999934 0.00000000099999999934 0.00000000099999999934 
0.00000000099999999978 0.00000000099999999978 0.00000000099999999978 0.99999998900000020008 0.00000000099999999978 0.00000000099999999978 0.00000000099999999978 0.00000000099999999978 0.00000000099999999978 0.00000000099999999978 0.00000000099999999978 0.00000000099999999978 
0.00000000099999999923 0.00000000099999999923 0.00000000099999999923 0.99999998900000008906 0.00000000099999999923 0.00000000099999999923 0.00000000099999999923 0.00000000099999999923 0.00000000099999999923 0.00000000099999999923 0.00000000099999999923 0.00000000099999999923 
0.00000000099999999958 0.00000000099999999958 0.00000000099999999958 0.99999998900000008906 0.00000000099999999958 0.00000000099999999958 0.00000000099999999958 0.00000000099999999958 0.00000000099999999958 0.00000000099999999958 0.00000000099999999958 0.00000000099999999958 
0.00000000099999999966 0.00000000099999999966 0.00000000099999999966 0.99999998900000008906 0.00000000099999999966 0.00000000099999999966 0.00000000099999999966 0.00000000099999999966 0.00000000099999999966 0.00000000099999999966 0.00000000099999999966 0.00000000099999999966 
0.00000000099999999973 0.00000000099999999973 0.00000000099999999973 0.99999998900000008906 0.00000000099999999973 0.00000000099999999973 0.00000000099999999973 0.00000000099999999973 0.00000000099999999973 0.00000000099999999973 0.00000000099999999973 0.00000000099999999973 
0.01651201910797934699 0.00000000099999999991 0.00000000099999999991 0.87673531117895830977 0.00000000099999999991 0.04110949085322965213 0.00000000099999999991 0.00000000099999999991 0.03544404904276263202 0.03019912281707002807 0.00000000099999999991 0.00000000099999999991 
0.00000000099999999990 0.00000000099999999990 0.00000000099999999990 0.99684994720385111666 0.00000000099999999990 0.00000000099999999990 0.00315004279614892720 0.00000000099999999990 0.00000000099999999990 0.00000000099999999990 0.00000000099999999990 0.00000000099999999990 
0.00000000099999999958 0.00000000099999999958 0.00000000099999999958 0.00000000099999999958 0.01727082065624717389 0.00000000099999999958 0.03258687910788376357 0.92911093943693323638 0.00000000099999999958 0.02103135279893584772 0.00000000099999999958 0.00000000099999999958 
0.00000000099999999952 0.00000000099999999952 0.00000000099999999952 0.00000000099999999952 0.00000000099999999952 0.00000000099999999952 0.06843884624430555952 0.93156114375569454289 0.00000000099999999952 0.00000000099999999952 0.00000000099999999952 0.00000000099999999952 
