0.80554309956062819520 0.00000000099999999996 0.00000000099999999996 0.13282288392763530460 0.06163401351173649484 0.00000000099999999996 
0.99542647140334405975 0.00000000099999999994 0.00000000099999999994 0.00457352459665613317 0.00000000099999999994 0.00000000099999999994 
0.98925343911614471715 0.00042378604991750036 0.00000000099999999998 0.01032277183393769636 0.00000000099999999998 0.00000000099999999998 
0.96629384020388997545 0.00000000099999999996 0.00000000099999999996 0.00000000099999999996 0.03370615579611006829 0.00000000099999999996 
0.99408988497004435736 0.00591011102995579480 0.00000000099999999997 0.00000000099999999997 0.00000000099999999997 0.00000000099999999997 
0.00000000099999999985 0.00000000099999999985 0.00000000099999999985 0.99999999500000003039 0.00000000099999999985 0.00000000099999999985 
0.26904551453845892972 0.00000000099999999989 0.00000000099999999989 0.73095448146154096136 0.00000000099999999989 0.00000000099999999989 
0.00000000099999999967 0.00000000099999999967 0.00000000099999999967 0.99999999499999991937 0.00000000099999999967 0.00000000099999999967 
0.99999979750263301437 0.00000000099999999970 0.00000000099999999970 0.00000000099999999970 0.00000019849736711460 0.00000000099999999970 
0.99568481477145232006 0.00000000099999999983 0.00000000099999999983 0.00000000099999999983 0.00000000099999999983 0.00431518122854771761 
0.99999999500000003039 0.00000000099999999969 0.00000000099999999969 0.00000000099999999969 0.00000000099999999969 0.00000000099999999969 
0.97501568087257406425 0.00000000099999999974 0.00000000099999999974 0.00000000099999999974 0.02498431512742591010 0.00000000099999999974 
0.99756400829163538457 0.00000000099999999983 0.00000000099999999983 0.00000000099999999983 0.00000000099999999983 0.00243598770836470774 
0.96211113733094000278 0.00000000099999999983 0.00000000099999999983 0.00000000099999999983 0.03447113125918557786 0.00341772840987448817 
0.88418178543728009888 0.00000000099999999988 0.00000000099999999988 0.00000000099999999988 0.09063969353046920363 0.02517851803225083090 
0.83309593931738368244 0.00000000099999999980 0.00000000099999999980 0.00000000099999999980 0.12019147000590901797 0.04671258767670735668 
0.00000000099999999964 0.00000000099999999964 0.00000000099999999964 0.00000000099999999964 0.00000000099999999964 0.99999999500000003039 
0.00000000099999999967 0.00000000099999999967 0.00000000099999999967 0.00000000099999999967 0.00000000099999999967 0.99999999499999991937 
0.00000000099999999958 0.00000000099999999958 0.00000000099999999958 0.00000000099999999958 0.00000000099999999958 0.99999999499999991937 
0.00000000099999999963 0.00000000099999999963 0.00000000099999999963 0.00000000099999999963 0.00000000099999999963 0.99999999499999991937 
0.00000000099999999964 0.00000000099999999964 0.00000000099999999964 0.00000000099999999964 0.00000000099999999964 0.99999999499999991937 
0.00000000099999999988 0.00000000099999999988 0.00000000099999999988 0.00000000099999999988 0.01259878398194385143 0.98740121201805608475 
0.00000000099999999956 0.00000000099999999956 0.00000000099999999956 0.00000000099999999956 0.00000000099999999956 0.99999999499999991937 
0.00000000099999999966 0.00000000099999999966 0.00000000099999999966 0.00000000099999999966 0.00000000099999999966 0.99999999499999991937 
0.00000000099999999969 0.99999999500000014141 0.00000000099999999969 0.00000000099999999969 0.00000000099999999969 0.00000000099999999969 
0.00000000099999999982 0.92937943078975970845 0.00000000099999999982 0.00000000099999999982 0.00000000099999999982 0.07062056521024047406 
0.00000000099999999962 0.99999999500000014141 0.00000000099999999962 0.00000000099999999962 0.00000000099999999962 0.00000000099999999962 
0.00000000099999999968 0.99999999500000003039 0.00000000099999999968 0.00000000099999999968 0.00000000099999999968 0.00000000099999999968 
0.00000000099999999963 0.99999999500000014141 0.00000000099999999963 0.00000000099999999963 0.00000000099999999963 0.00000000099999999963 
0.00000000099999999985 0.99999999500000003039 0.00000000099999999985 0.00000000099999999985 0.00000000099999999985 0.00000000099999999985 
0.00000000099999999967 0.99999999500000003039 0.00000000099999999967 0.00000000099999999967 0.00000000099999999967 0.00000000099999999967 
0.00000000099999999964 0.99999999500000014141 0.00000000099999999964 0.00000000099999999964 0.00000000099999999964 0.00000000099999999964 
0.96997064773367136503 0.02119557601589893911 0.00883377325042971132 0.00000000099999999996 0.00000000099999999996 0.00000000099999999996 
0.99999999500000014141 0.00000000099999999984 0.00000000099999999984 0.00000000099999999984 0.00000000099999999984 0.00000000099999999984 
0.99999999500000003039 0.00000000099999999984 0.00000000099999999984 0.00000000099999999984 0.00000000099999999984 0.00000000099999999984 
0.00000000099999999957 0.00000000099999999957 0.00000000099999999957 0.00000000099999999957 0.00000000099999999957 0.99999999500000003039 
0.00000000099999999961 0.00000000099999999961 0.00000000099999999961 0.00000000099999999961 0.00000000099999999961 0.99999999500000003039 
0.00000000099999999987 0.02243648396099930803 0.00000000099999999987 0.00000000099999999987 0.00000000099999999987 0.97756351203900071489 
0.06140650984934680617 0.00000000099999999995 0.00000000099999999995 0.00898347697343656118 0.00000000099999999995 0.92961001017721667239 
0.00000007190869123995 0.00000000099999999984 0.00000000099999999984 0.00000000099999999984 0.00000000099999999984 0.99999992409130866733 
0.00000000099999999966 0.00000000099999999966 0.00000000099999999966 0.00000000099999999966 0.00000000099999999966 0.99999999499999991937 
0.99999999500000003039 0.00000000099999999967 0.00000000099999999967 0.00000000099999999967 0.00000000099999999967 0.00000000099999999967 
0.99999999500000003039 0.00000000099999999987 0.00000000099999999987 0.00000000099999999987 0.00000000099999999987 0.00000000099999999987 
0.99999999500000003039 0.00000000099999999966 0.00000000099999999966 0.00000000099999999966 0.00000000099999999966 0.00000000099999999966 
0.99999999500000003039 0.00000000099999999959 0.00000000099999999959 0.00000000099999999959 0.00000000099999999959 0.00000000099999999959 
0.99999999500000014141 0.00000000099999999964 0.00000000099999999964 0.00000000099999999964 0.00000000099999999964 0.00000000099999999964 
0.99999992496885503623 0.00000000099999999961 0.00000000099999999961 0.00000000099999999961 0.00000007103114499380 0.00000000099999999961 
0.99999999500000014141 0.00000000099999999963 0.00000000099999999963 0.00000000099999999963 0.00000000099999999963 0.00000000099999999963 
0.99407749029917913397 0.00000000099999999960 0.00000000099999999960 0.00000000099999999960 0.00592250570082100605 0.00000000099999999960 
0.00000000099999999972 0.00000000099999999972 0.00000000099999999972 0.00000000099999999972 0.00000000099999999972 0.99999999499999991937 
0.00000000099999999994 0.00000000099999999994 0.03670927481645633317 0.00000000099999999994 0.00000000099999999994 0.96329072118354375220 
0.00000000099999999967 0.00000000099999999967 0.00000000099999999967 0.00000000099999999967 0.00000000099999999967 0.99999999500000003039 
0.00000000099999999980 0.00000000099999999980 0.00000000099999999980 0.00000000099999999980 0.00000000099999999980 0.99999999499999991937 
0.00000000099999999974 0.00000000099999999974 0.00000000099999999974 0.00000000099999999974 0.00000000099999999974 0.99999999500000003039 
0.00622320272433565976 0.00000000099999999998 0.01087780243096575505 0.00000000099999999998 0.00000000099999999998 0.98289899184469853299 
0.00000000099999999993 0.02477776254006604922 0.00000000099999999993 0.00000000099999999993 0.00000000099999999993 0.97522223345993397370 
0.01336721007174907459 0.00000000099999999996 0.00000000099999999996 0.00000000099999999996 0.00000000099999999996 0.98663278592825098823 
0.99999999500000003039 0.00000000099999999987 0.00000000099999999987 0.00000000099999999987 0.00000000099999999987 0.00000000099999999987 
0.97662594211990627624 0.00000000099999999991 0.00000000099999999991 0.00000000099999999991 0.00000000099999999991 0.02337405388009376750 
0.99999999500000003039 0.00000000099999999989 0.00000000099999999989 0.00000000099999999989 0.00000000099999999989 0.00000000099999999989 
0.99373893031027660250 0.00000000099999999993 0.00000000099999999993 0.00000000099999999993 0.00000000099999999993 0.00626106568972350890 
0.99454255212901321315 0.00000000099999999993 0.00000000099999999993 0.00000000099999999993 0.00000000099999999993 0.00545744387098679763 
0.99270691808801436729 0.00000000099999999992 0.00000000099999999992 0.00000000099999999992 0.00000000099999999992 0.00729307791198580396 
0.99999999500000014141 0.00000000099999999982 0.00000000099999999982 0.00000000099999999982 0.00000000099999999982 0.00000000099999999982 
0.99999999500000014141 0.00000000099999999990 0.00000000099999999990 0.00000000099999999990 0.00000000099999999990 0.00000000099999999990 
0.99778725569229376191 0.00000000099999999994 0.00000000099999999994 0.00221274030770622371 0.00000000099999999994 0.00000000099999999994 
0.99999999500000003039 0.00000000099999999985 0.00000000099999999985 0.00000000099999999985 0.00000000099999999985 0.00000000099999999985 
0.99999999500000014141 0.00000000099999999981 0.00000000099999999981 0.00000000099999999981 0.00000000099999999981 0.00000000099999999981 
0.99999999500000003039 0.00000000099999999996 0.00000000099999999996 0.00000000099999999996 0.00000000099999999996 0.00000000099999999996 
0.83730752562819155127 0.00564601626665937797 0.00988981795143379673 0.00000000099999999999 0.13651943333190669216 0.01063720582180860234 
0.78035935838209191662 0.05193341907032261034 0.02402446261247058457 0.00000000099999999998 0.14368275793511484095 0.00000000099999999998 
0.81504738842146129407 0.00000000099999999992 0.00000000099999999992 0.00000000099999999992 0.18495260757853884681 0.00000000099999999992 
0.76148804449003704153 0.00000000099999999990 0.00000000099999999990 0.00000000099999999990 0.23851195150996293282 0.00000000099999999990 
0.99999999500000003039 0.00000000099999999982 0.00000000099999999982 0.00000000099999999982 0.00000000099999999982 0.00000000099999999982 
0.78418183845687050582 0.02395465442827734992 0.00000000099999999988 0.00000000099999999988 0.19186350411485214584 0.00000000099999999988 
0.82732755949508074433 0.00000000099999999980 0.00000000099999999980 0.00000000099999999980 0.17267243650491945206 0.00000000099999999980 
0.80920164074392619824 0.00000000099999999977 0.00000000099999999977 0.00000000099999999977 0.19079835525607383162 0.00000000099999999977 
0.99999999500000003039 0.00000000099999999987 0.00000000099999999987 0.00000000099999999987 0.00000000099999999987 0.00000000099999999987 
0.99999999500000014141 0.00000000099999999985 0.00000000099999999985 0.00000000099999999985 0.00000000099999999985 0.00000000099999999985 
0.99999999500000014141 0.00000000099999999986 0.00000000099999999986 0.00000000099999999986 0.00000000099999999986 0.00000000099999999986 
0.74349988186529014644 0.02403381781318121926 0.00000000099999999994 0.00000000099999999994 0.23246629732152865322 0.00000000099999999994 
0.02178603181701808944 0.00000000099999999993 0.00000000099999999993 0.00000000099999999993 0.00000000099999999993 0.97821396418298200981 
0.00000000099999999994 0.00000000099999999994 0.00383209512419187184 0.00000000099999999994 0.00000000099999999994 0.99616790087580808777 
0.00000000099999999992 0.00626589191817329867 0.00000000099999999992 0.00000000099999999992 0.00000000099999999992 0.99373410408182671905 
0.00000000099999999994 0.01425283746146552809 0.00000000099999999994 0.00000000099999999994 0.00000000099999999994 0.98574715853853445147 
0.00658265891874157839 0.00615488257064878211 0.00000000099999999996 0.00000000099999999996 0.00000000099999999996 0.98726245551060964889 
0.04637583850224393650 0.00000000099999999994 0.00000000099999999994 0.00000000099999999994 0.00000000099999999994 0.95362415749775608642 
0.01640867314768762464 0.00540642918729284088 0.00000000099999999999 0.00000000099999999999 0.00000000099999999999 0.97818489466501945540 
0.00000000099999999983 0.00000000099999999983 0.00000000099999999983 0.00000000099999999983 0.00000000099999999983 0.99999999500000003039 
0.99999999500000014141 0.00000000099999999975 0.00000000099999999975 0.00000000099999999975 0.00000000099999999975 0.00000000099999999975 
0.81834257299842216860 0.07508427411274876118 0.00000000099999999996 0.00000000099999999996 0.10657314988882897466 0.00000000099999999996 
0.98258486088053353935 0.00000000099999999994 0.00000000099999999994 0.00000000099999999994 0.00389109421076521246 0.01352404190870133346 
0.99999960617332650514 0.00000000099999999993 0.00000000099999999993 0.00000000099999999993 0.00000038982667362714 0.00000000099999999993 
0.99999999500000014141 0.00000000099999999983 0.00000000099999999983 0.00000000099999999983 0.00000000099999999983 0.00000000099999999983 
0.99999999500000003039 0.00000000099999999964 0.00000000099999999964 0.00000000099999999964 0.00000000099999999964 0.00000000099999999964 
0.99722991573084918127 0.00000000099999999987 0.00000000099999999987 0.00000000099999999987 0.00003370651317797186 0.00273637475597299880 
0.98541828723619506736 0.00000000099999999962 0.00000000099999999962 0.00000000099999999962 0.01458170876380506832 0.00000000099999999962 
0.00000000099999999969 0.00000000099999999969 0.00000000099999999969 0.00000000099999999969 0.99999999500000003039 0.00000000099999999969 
0.03597111703534239258 0.00000000099999999988 0.00000000099999999988 0.00000000099999999988 0.96402887896465760953 0.00000000099999999988 
0.00918233498935639922 0.00000000099999999989 0.00000000099999999989 0.00000000099999999989 0.99081766101064372432 0.00000000099999999989 
0.00000000099999999964 0.00000000099999999964 0.00000000099999999964 0.00000000099999999964 0.99999999499999991937 0.00000000099999999964 
0.00000000099999999963 0.00000000099999999963 0.00000000099999999963 0.00000000099999999963 0.99999999499999991937 0.00000000099999999963 
0.00000000099999999967 0.00000000099999999967 0.00000000099999999967 0.00000000099999999967 0.99999999500000003039 0.00000000099999999967 
0.00097733052634215237 0.00000000099999999997 0.00000000099999999997 0.00000000099999999997 0.97578928751512561401 0.02323337895853226295 
0.00000000099999999975 0.00000000099999999975 0.00000000099999999975 0.00000000099999999975 0.00000000099999999975 0.99999999499999991937 
0.00000000099999999963 0.00000000099999999963 0.00000000099999999963 0.00000000099999999963 0.00000000099999999963 0.99999999499999991937 
0.00000000099999999975 0.00000000099999999975 0.00000000099999999975 0.00000000099999999975 0.00000000099999999975 0.99999999500000003039 
0.00000000099999999963 0.00000000099999999963 0.00000000099999999963 0.00000000099999999963 0.00000000099999999963 0.99999999500000003039 
0.00000000099999999972 0.00000000099999999972 0.00000000099999999972 0.00000000099999999972 0.00000000099999999972 0.99999999499999991937 
0.01029834496835474629 0.03079082520616653607 0.00000000099999999995 0.00000000099999999995 0.00000000099999999995 0.95891082682547879035 
0.00000000099999999952 0.00000000099999999952 0.00000000099999999952 0.00000000099999999952 0.00000000099999999952 0.99999999499999991937 
0.00000000099999999959 0.00000000099999999959 0.00000000099999999959 0.00000000099999999959 0.00000000099999999959 0.99999999499999991937 
0.00000000099999999954 0.00000000099999999954 0.00000000099999999954 0.00000000099999999954 0.00000000099999999954 0.99999999499999991937 
0.00000000099999999953 0.00000000099999999953 0.00000000099999999953 0.00000000099999999953 0.00000000099999999953 0.99999999500000003039 
0.00000000099999999954 0.00000000099999999954 0.00000000099999999954 0.00000000099999999954 0.00000000099999999954 0.99999999499999991937 
0.00000000099999999950 0.00000000099999999950 0.00000000099999999950 0.00000000099999999950 0.00000000099999999950 0.99999999499999991937 
0.00000000099999999952 0.00000000099999999952 0.00000000099999999952 0.00000000099999999952 0.00000000099999999952 0.99999999500000003039 
0.00000000099999999949 0.00000000099999999949 0.00000000099999999949 0.00000000099999999949 0.00000000099999999949 0.99999999499999991937 
0.00000000099999999980 0.08601413119413717223 0.00000000099999999980 0.00000000099999999980 0.00000000099999999980 0.91398586480586274661 
0.00000000099999999981 0.08983088575577223567 0.00000000099999999981 0.00000000099999999981 0.00000000099999999981 0.91016911024422786358 
0.00000000099999999980 0.08754229167408988932 0.00000000099999999980 0.00000000099999999980 0.00000000099999999980 0.91245770432591011279 
0.00000000099999999985 0.08656607102790105090 0.00000000099999999985 0.00000000099999999985 0.00000000099999999985 0.91343392497209907610 
0.00000000099999999983 0.08172618536682607626 0.00000000099999999983 0.00000000099999999983 0.00000000099999999983 0.91827381063317392584 
0.00000000099999999982 0.08679211037178702348 0.00000000099999999982 0.00000000099999999982 0.00000000099999999982 0.91320788562821297862 
0.00000000099999999980 0.09304918203201149873 0.00000000099999999980 0.00000000099999999980 0.00000000099999999980 0.90695081396798848949 
0.00000000099999999980 0.09065949626950538243 0.00000000099999999980 0.00000000099999999980 0.00000000099999999980 0.90934049973049457805 
0.99999999500000014141 0.00000000099999999981 0.00000000099999999981 0.00000000099999999981 0.00000000099999999981 0.00000000099999999981 
0.99999999500000003039 0.00000000099999999982 0.00000000099999999982 0.00000000099999999982 0.00000000099999999982 0.00000000099999999982 
0.99999999500000003039 0.00000000099999999987 0.00000000099999999987 0.00000000099999999987 0.00000000099999999987 0.00000000099999999987 
0.99999999500000014141 0.00000000099999999983 0.00000000099999999983 0.00000000099999999983 0.00000000099999999983 0.00000000099999999983 
0.99999999500000003039 0.00000000099999999984 0.00000000099999999984 0.00000000099999999984 0.00000000099999999984 0.00000000099999999984 
0.99549836166433280926 0.00000000099999999987 0.00000000099999999987 0.00450163433566720932 0.00000000099999999987 0.00000000099999999987 
0.99999999500000014141 0.00000000099999999982 0.00000000099999999982 0.00000000099999999982 0.00000000099999999982 0.00000000099999999982 
0.99420851833444756629 0.00000000099999999990 0.00579147766555253556 0.00000000099999999990 0.00000000099999999990 0.00000000099999999990 
0.01299345336659875338 0.00000000099999999988 0.00000000099999999988 0.00000000099999999988 0.00000000099999999988 0.98700654263340126260 
0.00000000099999999991 0.00000000099999999991 0.00000000099999999991 0.00000000099999999991 0.00000000099999999991 0.99999999500000003039 
0.00000000099999999970 0.00000000099999999970 0.00000000099999999970 0.00000000099999999970 0.00000000099999999970 0.99999999499999991937 
0.00000000099999999990 0.00000000099999999990 0.00000000099999999990 0.00000000099999999990 0.00000000099999999990 0.99999999499999991937 
0.00000000099999999993 0.00000000099999999993 0.00000000099999999993 0.00000000099999999993 0.00000000099999999993 0.99999999499999991937 
0.03303092129575364855 0.00000000099999999991 0.00000000099999999991 0.00000000099999999991 0.00000000099999999991 0.96696907470424631192 
0.08340975793757120227 0.00000000099999999991 0.00000000099999999991 0.00000000099999999991 0.00000000099999999991 0.91659023806242878596 
0.02454562987890811579 0.02278037211775072596 0.00026296636937505003 0.00686128340141144329 0.00000000099999999999 0.94554974723255458269 
0.00000000099999999974 0.00000000099999999974 0.00000000099999999974 0.00000000099999999974 0.99999999500000003039 0.00000000099999999974 
0.00000000099999999973 0.00000000099999999973 0.00000000099999999973 0.00000000099999999973 0.99999999500000003039 0.00000000099999999973 
0.00000158359579687937 0.00000000099999999992 0.00000000099999999992 0.00000000099999999992 0.99999841240420317412 0.00000000099999999992 
0.04570409167040310333 0.00000000099999999984 0.00000000099999999984 0.00000000099999999984 0.95429590432959687796 0.00000000099999999984 
0.00002269248859914711 0.00000000099999999980 0.00000000099999999980 0.00000000099999999980 0.99997730351140090566 0.00000000099999999980 
0.00000000099999999975 0.00000000099999999975 0.00000000099999999975 0.00000000099999999975 0.99999999500000003039 0.00000000099999999975 
0.00000000099999999978 0.00000000099999999978 0.00000000099999999978 0.00000000099999999978 0.99999999500000003039 0.00000000099999999978 
0.00000026993158223889 0.00000000099999999989 0.00000000099999999989 0.00000000099999999989 0.99999972606841780465 0.00000000099999999989 
0.00000120524071254807 0.00000000099999999980 0.00000000099999999980 0.00000000099999999980 0.99999879075928743699 0.00000000099999999980 
0.00000000099999999962 0.99999999500000003039 0.00000000099999999962 0.00000000099999999962 0.00000000099999999962 0.00000000099999999962 
0.00000000099999999980 0.99999999500000003039 0.00000000099999999980 0.00000000099999999980 0.00000000099999999980 0.00000000099999999980 
0.00000000099999999983 0.91622594619751551726 0.00000000099999999983 0.00000000099999999983 0.00000000099999999983 0.08377404980248466526 
0.00000000099999999963 0.99999999500000014141 0.00000000099999999963 0.00000000099999999963 0.00000000099999999963 0.00000000099999999963 
0.00000000099999999964 0.99999999500000014141 0.00000000099999999964 0.00000000099999999964 0.00000000099999999964 0.00000000099999999964 
0.00000000099999999963 0.99999999500000003039 0.00000000099999999963 0.00000000099999999963 0.00000000099999999963 0.00000000099999999963 
0.00000000099999999964 0.99999999500000003039 0.00000000099999999964 0.00000000099999999964 0.00000000099999999964 0.00000000099999999964 
0.86873174445327072668 0.13126825154672933094 0.00000000099999999991 0.00000000099999999991 0.00000000099999999991 0.00000000099999999991 
0.84701168331496468067 0.14726812397326977111 0.00000000099999999992 0.00000000099999999992 0.00000000099999999992 0.00572018971176554113 
0.83598314784372618202 0.14484391295963666701 0.00000000099999999993 0.00000000099999999993 0.01917293619663721499 0.00000000099999999993 
0.88444849508253231551 0.11555150091746783925 0.00000000099999999991 0.00000000099999999991 0.00000000099999999991 0.00000000099999999991 
0.00000000099999999969 0.00000000099999999969 0.00000000099999999969 0.00000000099999999969 0.99999999499999991937 0.00000000099999999969 
0.00000000099999999991 0.00000000099999999991 0.00000000099999999991 0.00000000099999999991 0.98116266708101484983 0.01883732891898523207 
0.00000000099999999979 0.00000000099999999979 0.00000000099999999979 0.00000000099999999979 0.99999999499999991937 0.00000000099999999979 
0.00000000099999999981 0.00000000099999999981 0.00000000099999999981 0.00000000099999999981 0.99999999499999991937 0.00000000099999999981 
0.00000000099999999982 0.00000000099999999982 0.00000000099999999982 0.00000000099999999982 0.99999999499999991937 0.00000000099999999982 
0.00000000099999999962 0.00000000099999999962 0.00000000099999999962 0.00000000099999999962 0.99999999500000003039 0.00000000099999999962 
0.00000000099999999961 0.00000000099999999961 0.00000000099999999961 0.00000000099999999961 0.99999999500000003039 0.00000000099999999961 
0.00000000099999999983 0.00000000099999999983 0.00000000099999999983 0.00000000099999999983 0.99999999500000003039 0.00000000099999999983 
0.00000000099999999971 0.00000000099999999971 0.00000000099999999971 0.00000000099999999971 0.99999999500000003039 0.00000000099999999971 
0.94358564588761240088 0.00000000099999999996 0.00000000099999999996 0.00000000099999999996 0.00000000099999999996 0.05641435011238776082 
0.99189894126961375420 0.00000000099999999987 0.00000000099999999987 0.00000000099999999987 0.00810105473038640750 0.00000000099999999987 
0.99999999500000003039 0.00000000099999999985 0.00000000099999999985 0.00000000099999999985 0.00000000099999999985 0.00000000099999999985 
0.99226707113832823826 0.00000000099999999990 0.00000000099999999990 0.00000000099999999990 0.00000000099999999990 0.00773292486167188268 
0.99999999500000014141 0.00000000099999999983 0.00000000099999999983 0.00000000099999999983 0.00000000099999999983 0.00000000099999999983 
0.98133720711733807285 0.00000000099999999995 0.01859851788130956196 0.00000000099999999995 0.00000000099999999995 0.00006427200135259914 
0.90372493651057161923 0.00632009805085489550 0.03489037704544942914 0.00518383272955042808 0.01801786076766682607 0.03186289489590664326 
0.00000000099999999972 0.00000000099999999972 0.99999999499999991937 0.00000000099999999972 0.00000000099999999972 0.00000000099999999972 
0.00000000099999999961 0.00000000099999999961 0.99999999499999991937 0.00000000099999999961 0.00000000099999999961 0.00000000099999999961 
0.00000000099999999992 0.00000000099999999992 0.99999999500000003039 0.00000000099999999992 0.00000000099999999992 0.00000000099999999992 
0.00000000099999999984 0.00000000099999999984 0.99999999499999991937 0.00000000099999999984 0.00000000099999999984 0.00000000099999999984 
0.00000000099999999977 0.00000000099999999977 0.99999999500000003039 0.00000000099999999977 0.00000000099999999977 0.00000000099999999977 
0.00000000099999999970 0.00000000099999999970 0.00000000099999999970 0.00000000099999999970 0.00000000099999999970 0.99999999499999991937 
0.00000000099999999998 0.00672053107502831350 0.00000000099999999998 0.00000005232817176007 0.00844384674023641348 0.98483556785656367616 
0.00000000099999999981 0.00000000099999999981 0.00000000099999999981 0.00000000099999999981 0.00000000099999999981 0.99999999500000003039 
0.04987710793402275883 0.00000000099999999997 0.01061515058407325358 0.00000000099999999997 0.03646343799230022942 0.90304430148960368463 
0.00000000099999999990 0.00000000099999999990 0.00000000099999999990 0.00000000099999999990 0.00000000099999999990 0.99999999499999991937 
0.00000000099999999976 0.00000000099999999976 0.00000000099999999976 0.00000000099999999976 0.00000000099999999976 0.99999999500000003039 
0.00000000099999999962 0.00000000099999999962 0.00000000099999999962 0.00000000099999999962 0.00000000099999999962 0.99999999500000003039 
0.00000000099999999974 0.00000000099999999974 0.00000000099999999974 0.00000000099999999974 0.00000000099999999974 0.99999999499999991937 
0.00000000099999999993 0.00000000099999999993 0.00000000099999999993 0.00000000099999999993 0.00000000099999999993 0.99999999500000003039 
0.00000000099999999994 0.00000000099999999994 0.00000000099999999994 0.00000000099999999994 0.08651248191329080628 0.91348751408670914032 
0.00000000099999999999 0.02470820557633438344 0.00000000099999999999 0.01775178319847357800 0.01416386876208341854 0.94337614046310869220 
0.00000000099999999996 0.00000000099999999996 0.00000000099999999996 0.00709174024072639457 0.12421363520337383446 0.86869462155589971530 
0.00000000099999999970 0.00000000099999999970 0.00000000099999999970 0.00000000099999999970 0.00000000099999999970 0.99999999500000003039 
0.00000000099999999994 0.00000000099999999994 0.00000000099999999994 0.01802571424699506500 0.00000000099999999994 0.98197428175300494058 
0.00000000099999999976 0.00000000099999999976 0.00000000099999999976 0.00000000099999999976 0.00000000099999999976 0.99999999500000003039 
0.99999999500000014141 0.00000000099999999989 0.00000000099999999989 0.00000000099999999989 0.00000000099999999989 0.00000000099999999989 
0.95665130994994040936 0.01000092448937380321 0.00000000099999999995 0.00000000099999999995 0.00000000099999999995 0.03334776256068584105 
0.97217548859860325461 0.02782450740139680995 0.00000000099999999990 0.00000000099999999990 0.00000000099999999990 0.00000000099999999990 
0.98440575703858734791 0.00125858507384790565 0.00000000099999999996 0.00000000099999999996 0.00000000099999999996 0.01433565488756487379 
0.98949469914392507164 0.01050529685607495128 0.00000000099999999993 0.00000000099999999993 0.00000000099999999993 0.00000000099999999993 
0.99278628440097338448 0.00000000099999999987 0.00000000099999999987 0.00000000099999999987 0.00000000099999999987 0.00721371159902673212 
0.97583748690597393871 0.00000000099999999994 0.00000000099999999994 0.00000000099999999994 0.01350670750056875979 0.01065580259345745226 
0.99928424895128264982 0.00000000099999999997 0.00000000099999999997 0.00071574704871739262 0.00000000099999999997 0.00000000099999999997 
0.12551994153978596191 0.00000000099999999975 0.00000000099999999975 0.00000000099999999975 0.87448005446021404019 0.00000000099999999975 
0.00000000099999999983 0.00000000099999999983 0.00000000099999999983 0.00000000099999999983 0.99999999499999991937 0.00000000099999999983 
0.00000002625975969440 0.00000000099999999978 0.00000000099999999978 0.00000000099999999978 0.99999996974024019103 0.00000000099999999978 
0.04700692372257105761 0.00000000099999999973 0.00000000099999999973 0.00000000099999999973 0.95299307227742890980 0.00000000099999999973 
0.00000000099999999988 0.00000000099999999988 0.00000000099999999988 0.00000000099999999988 0.99999999499999991937 0.00000000099999999988 
0.01036371711704890328 0.00000000099999999970 0.00000000099999999970 0.00000000099999999970 0.98963627888295102597 0.00000000099999999970 
0.01195186090540277350 0.00000000099999999964 0.00000000099999999964 0.00000000099999999964 0.98804813509459732401 0.00000000099999999964 
0.00000050914769129063 0.00000000099999999986 0.00000000099999999986 0.00000000099999999986 0.99999848413190184360 0.00000100372040682197 
0.98698193343245943510 0.00000000099999999986 0.00000000099999999986 0.00000000099999999986 0.00000000099999999986 0.01301806256754068324 
0.99999999500000003039 0.00000000099999999981 0.00000000099999999981 0.00000000099999999981 0.00000000099999999981 0.00000000099999999981 
0.99994782537140836087 0.00000000099999999987 0.00000000099999999987 0.00000000099999999987 0.00005217062859178205 0.00000000099999999987 
0.99999999500000003039 0.00000000099999999986 0.00000000099999999986 0.00000000099999999986 0.00000000099999999986 0.00000000099999999986 
0.97727046043115828322 0.00000000099999999996 0.00000000099999999996 0.00000000099999999996 0.00000000099999999996 0.02272953556884177787 
0.99999999500000003039 0.00000000099999999978 0.00000000099999999978 0.00000000099999999978 0.00000000099999999978 0.00000000099999999978 
0.99999999500000014141 0.00000000099999999989 0.00000000099999999989 0.00000000099999999989 0.00000000099999999989 0.00000000099999999989 
0.99999981942257587519 0.00000000099999999989 0.00000000099999999989 0.00000000099999999989 0.00000017657742409136 0.00000000099999999989 
0.00000000099999999988 0.00000000099999999988 0.00000000099999999988 0.00000000099999999988 0.76342735542393991288 0.23657264057605997820 
0.00000000099999999989 0.00000000099999999989 0.00000000099999999989 0.00000000099999999989 0.68397328988054606480 0.31602670611945388179 
0.00000000099999999987 0.00000000099999999987 0.00000000099999999987 0.00000000099999999987 0.78295782527951962582 0.21704217072048037629 
0.00000000099999999989 0.00000000099999999989 0.00000000099999999989 0.00000000099999999989 0.87302026660920994949 0.12697972939079013588 
0.00000000099999999991 0.00000000099999999991 0.00000000099999999991 0.00000000099999999991 0.91028485740047415664 0.08971513859952595649 
0.00000000099999999988 0.00000000099999999988 0.00000000099999999988 0.00000000099999999988 0.78845641255826104388 0.21154358344173912476 
0.00000000099999999988 0.00000000099999999988 0.00000000099999999988 0.00000000099999999988 0.76506337104708577179 0.23493662495291434134 
0.00000000099999999989 0.00000000099999999989 0.00000000099999999989 0.00000000099999999989 0.69368554325417763895 0.30631445274582230764 
0.04541454086865826661 0.00000000099999999992 0.00000000099999999992 0.04714401268191400346 0.90744144344942767599 0.00000000099999999992 
0.10207335088929156419 0.00000000099999999991 0.00000000099999999991 0.05518899859110710376 0.84273764751960122954 0.00000000099999999991 
0.02891902865455791075 0.00000000099999999991 0.00000000099999999991 0.02648775950523926670 0.94459320884020270270 0.00000000099999999991 
0.04286381922890625945 0.00000000099999999990 0.00000000099999999990 0.03662317021335415729 0.92051300755773957096 0.00000000099999999990 
0.10784260870261896947 0.05258665467474293170 0.00000000099999999999 0.00000000099999999999 0.83188592280916118238 0.00768481181347697561 
0.10996116882068969478 0.00544744515229570771 0.00000000099999999995 0.00000000099999999995 0.88459138302701467715 0.00000000099999999995 
0.11797345433687987659 0.00000000099999999996 0.00000000099999999996 0.00000072994237004252 0.88087632188005271505 0.00114949184069739591 
0.17853363273722808180 0.00000000099999999985 0.00000000099999999985 0.01286688630682413306 0.80859947795594777631 0.00000000099999999985 
0.99999999500000003039 0.00000000099999999988 0.00000000099999999988 0.00000000099999999988 0.00000000099999999988 0.00000000099999999988 
0.98605632196503578690 0.00726155487459985340 0.00000000099999999997 0.00000000099999999997 0.00000000099999999997 0.00668212016036451046 
0.87431302619176087809 0.07552478231567592848 0.05016218849256312562 0.00000000099999999996 0.00000000099999999996 0.00000000099999999996 
0.99999999500000003039 0.00000000099999999988 0.00000000099999999988 0.00000000099999999988 0.00000000099999999988 0.00000000099999999988 
0.99999999500000014141 0.00000000099999999987 0.00000000099999999987 0.00000000099999999987 0.00000000099999999987 0.00000000099999999987 
0.99999999500000003039 0.00000000099999999985 0.00000000099999999985 0.00000000099999999985 0.00000000099999999985 0.00000000099999999985 
0.99999999500000003039 0.00000000099999999975 0.00000000099999999975 0.00000000099999999975 0.00000000099999999975 0.00000000099999999975 
0.97552107367227880452 0.01782199030708842349 0.00000000099999999994 0.00000000099999999994 0.00665693302063280392 0.00000000099999999994 
0.92950450922894822803 0.00000000099999999971 0.00000000099999999971 0.00000000099999999971 0.07049548677105180183 0.00000000099999999971 
0.92468958717156268801 0.00000000099999999982 0.00000000099999999982 0.00000000099999999982 0.07531040882843735573 0.00000000099999999982 
0.88390439260990061321 0.01179582196653821032 0.00000000099999999989 0.00000000099999999989 0.10429978242356117979 0.00000000099999999989 
0.99999999500000014141 0.00000000099999999980 0.00000000099999999980 0.00000000099999999980 0.00000000099999999980 0.00000000099999999980 
0.89177380160180230728 0.00000000099999999984 0.00000000099999999984 0.00000000099999999984 0.10822619439819775033 0.00000000099999999984 
0.40887606601781789628 0.00000000099999999994 0.00000000099999999994 0.00000000099999999994 0.59112392998218199480 0.00000000099999999994 
0.34961359743431408287 0.00000000099999999995 0.00000000099999999995 0.00000000099999999995 0.65038639856568580822 0.00000000099999999995 
0.62175948577604622791 0.00000000099999999997 0.00000000099999999997 0.00000000099999999997 0.37824051022395388522 0.00000000099999999997 
0.07268587903727251331 0.00000000099999999998 0.00000000099999999998 0.00000000099999999998 0.92731411696272758594 0.00000000099999999998 
0.42553093147211579206 0.00000532329770620666 0.00000000099999999996 0.00000000099999999996 0.57446374223017793170 0.00000000099999999996 
0.96727075906092419011 0.00000000099999999992 0.00000000099999999992 0.00000000099999999992 0.00000000099999999992 0.03272923693907598547 
0.98356105290127504581 0.00000000099999999995 0.00000000099999999995 0.00000000099999999995 0.00000000099999999995 0.01643894309872514711 
0.99999999500000014141 0.00000000099999999982 0.00000000099999999982 0.00000000099999999982 0.00000000099999999982 0.00000000099999999982 
0.99999999500000003039 0.00000000099999999984 0.00000000099999999984 0.00000000099999999984 0.00000000099999999984 0.00000000099999999984 
0.99999999500000003039 0.00000000099999999986 0.00000000099999999986 0.00000000099999999986 0.00000000099999999986 0.00000000099999999986 
0.99999999500000003039 0.00000000099999999988 0.00000000099999999988 0.00000000099999999988 0.00000000099999999988 0.00000000099999999988 
0.99999999500000003039 0.00000000099999999988 0.00000000099999999988 0.00000000099999999988 0.00000000099999999988 0.00000000099999999988 
0.98490335493515634990 0.00000000099999999997 0.00000000099999999997 0.01509664106484383782 0.00000000099999999997 0.00000000099999999997 
0.00000175386678479852 0.00000000099999999998 0.01627343849731725453 0.00000000203327265677 0.00000000099999999998 0.98372480360262526400 
0.00000000099999999983 0.00000000099999999983 0.00000000099999999983 0.00000000099999999983 0.00000000099999999983 0.99999999500000003039 
0.00000000099999999989 0.01340016248535146233 0.00000000099999999989 0.00000000099999999989 0.00000000099999999989 0.98659983351464852763 
0.04844603957662858146 0.00000000099999999989 0.00000000099999999989 0.00000000099999999989 0.00000000099999999989 0.95155395642337137208 
0.00000000099999999996 0.00317596648505767860 0.00000000099999999996 0.01153459474557995239 0.00000000099999999996 0.98528943576936234283 
0.01453145639329615074 0.00000000099999999997 0.01830997643157668275 0.00000000099999999997 0.00000000099999999997 0.96715856417512713339 
0.00000000099999999971 0.00000000099999999971 0.00000000099999999971 0.00000000099999999971 0.00000000099999999971 0.99999999499999991937 
0.00000000099999999970 0.00000000099999999970 0.00000000099999999970 0.00000000099999999970 0.00000000099999999970 0.99999999499999991937 
0.00000000099999999952 0.00000000099999999952 0.00000000099999999952 0.00000000099999999952 0.00000000099999999952 0.99999999499999991937 
0.00000000099999999953 0.00000000099999999953 0.00000000099999999953 0.00000000099999999953 0.00000000099999999953 0.99999999500000003039 
0.00000000099999999968 0.00000000099999999968 0.00000000099999999968 0.00000000099999999968 0.00000000099999999968 0.99999999500000003039 
0.00000000099999999960 0.00000000099999999960 0.00000000099999999960 0.00000000099999999960 0.00000000099999999960 0.99999999500000003039 
0.00000000099999999955 0.00000000099999999955 0.00000000099999999955 0.00000000099999999955 0.00000000099999999955 0.99999999499999991937 
0.00000000099999999967 0.00000000099999999967 0.00000000099999999967 0.00000000099999999967 0.00000000099999999967 0.99999999500000003039 
0.00000000099999999961 0.00000000099999999961 0.00000000099999999961 0.00000000099999999961 0.00000000099999999961 0.99999999499999991937 
0.00000000099999999963 0.00000000099999999963 0.00000000099999999963 0.00000000099999999963 0.00000000099999999963 0.99999999499999991937 
0.01014438639397536451 0.00000000099999999998 0.01119539859031923844 0.01426256213903380823 0.00000000099999999998 0.96439765087667150834 
0.00000000099999999992 0.00000000099999999992 0.00000000099999999992 0.00000000099999999992 0.02127032124706748975 0.97872967475293248807 
0.01237925460926384523 0.00000000099999999996 0.00000000099999999996 0.04482129723613910433 0.00000000099999999996 0.94279944515459701559 
0.06316235148271077959 0.00000000099999999995 0.00000000099999999995 0.00000000099999999995 0.02129196850251493731 0.91554567701477418407 
0.00000000099999999998 0.00491206053872652974 0.00229456020275178342 0.01386864686525753412 0.00000000099999999998 0.97892473039326421969 
0.00000000099999999987 0.00000000099999999987 0.00000000099999999987 0.00111150161601145992 0.00000000099999999987 0.99888849438398852332 
0.00000000099999999997 0.01180568150719859578 0.00000000099999999997 0.01201100440228916773 0.00000000099999999997 0.97618331109051215133 
