0.11470246971223645172 0.00000000099999999998 0.00000000099999999998 0.88529752828776364648 
0.00000000099999999994 0.00000000099999999994 0.01501638855616811360 0.98498360944383178683 
0.00000000099999999998 0.00000000099999999998 0.03729984286778231795 0.96270015513221762760 
0.00000000099999999997 0.00000000099999999997 0.02794028907884643295 0.97205970892115356463 
0.00000000099999999996 0.00000000099999999996 0.01997564194336709162 0.98002435605663307250 
0.98015281599988646200 0.00000000099999999999 0.00000000099999999999 0.01984718200011353906 
0.66004963150165840702 0.00947028219501865574 0.00000000099999999999 0.33048008530332295685 
0.99999999699999997382 0.00000000099999999990 0.00000000099999999990 0.00000000099999999990 
0.00000000099999999981 0.00000000099999999981 0.00000000099999999981 0.99999999700000008485 
0.00000000099999999992 0.02764868186662600494 0.00000000099999999992 0.97235131613337399958 
0.00000000099999999981 0.00000000099999999981 0.00000000099999999981 0.99999999699999997382 
0.00000000099999999985 0.00000000099999999985 0.00000000099999999985 0.99999999700000008485 
0.00000000099999999991 0.02604351570347843495 0.00000000099999999991 0.97395648229652154182 
0.00000000099999999992 0.02569958484048740638 0.00000000099999999992 0.97430041315951265712 
0.00000000099999999994 0.02669026020750927403 0.00000000099999999994 0.97330973779249063682 
0.00000000099999999987 0.04814231653627291246 0.00000000099999999987 0.95185768146372706777 
0.00000000099999999978 0.99999999700000008485 0.00000000099999999978 0.00000000099999999978 
0.00000000099999999980 0.99999999700000008485 0.00000000099999999980 0.00000000099999999980 
0.00000000099999999975 0.99999999700000008485 0.00000000099999999975 0.00000000099999999975 
0.00000000099999999978 0.99999999700000008485 0.00000000099999999978 0.00000000099999999978 
0.00000000099999999979 0.99999999699999997382 0.00000000099999999979 0.00000000099999999979 
0.00000000099999999993 0.98939955988650929442 0.00000000099999999993 0.01060043811349077256 
0.00000000099999999974 0.99999999700000008485 0.00000000099999999974 0.00000000099999999974 
0.00000000099999999980 0.99999999699999997382 0.00000000099999999980 0.00000000099999999980 
0.00000000099999999982 0.00000000099999999982 0.99999999699999997382 0.00000000099999999982 
0.00000000099999999991 0.07026065880814245934 0.92973933919185758334 0.00000000099999999991 
0.00000000099999999978 0.00000000099999999978 0.99999999699999986280 0.00000000099999999978 
0.00000000099999999982 0.00000000099999999982 0.99999999699999986280 0.00000000099999999982 
0.00000000099999999979 0.00000000099999999979 0.99999999699999997382 0.00000000099999999979 
0.00000000099999999992 0.00000000099999999992 0.99999999699999997382 0.00000000099999999992 
0.00000000099999999981 0.00000000099999999981 0.99999999699999997382 0.00000000099999999981 
0.00000000099999999980 0.00000000099999999980 0.99999999699999986280 0.00000000099999999980 
0.01183027635437043298 0.00000000099999999999 0.02461635273959798462 0.96355336990603168701 
0.00000000099999999990 0.00000000099999999990 0.00000000099999999990 0.99999999699999997382 
0.00000000099999999988 0.00000000099999999988 0.00000000099999999988 0.99999999700000008485 
0.00000000099999999976 0.99999999700000008485 0.00000000099999999976 0.00000000099999999976 
0.00000000099999999979 0.99999999700000008485 0.00000000099999999979 0.00000000099999999979 
0.00000000099999999993 0.97777645395387258187 0.02222354404612741224 0.00000000099999999993 
0.00587592917625834234 0.93761877507137325605 0.00000000099999999998 0.05650529475236845678 
0.00000000099999999990 0.99999999699999997382 0.00000000099999999990 0.00000000099999999990 
0.00000000099999999980 0.99999999700000008485 0.00000000099999999980 0.00000000099999999980 
0.00000000099999999977 0.00000000099999999977 0.00000000099999999977 0.99999999699999997382 
0.00000000099999999992 0.00000000099999999992 0.00000000099999999992 0.99999999700000008485 
0.00000000099999999976 0.00000000099999999976 0.00000000099999999976 0.99999999700000008485 
0.00000000099999999972 0.00000000099999999972 0.00000000099999999972 0.99999999699999997382 
0.00000000099999999977 0.00000000099999999977 0.00000000099999999977 0.99999999700000008485 
0.00000000099999999974 0.00000000099999999974 0.00000000099999999974 0.99999999700000008485 
0.00000000099999999974 0.00000000099999999974 0.00000000099999999974 0.99999999699999997382 
0.00000000099999999973 0.00000000099999999973 0.00000000099999999973 0.99999999699999997382 
0.00000000099999999985 0.99999999699999997382 0.00000000099999999985 0.00000000099999999985 
0.03578335649606002866 0.96421664150393993076 0.00000000099999999998 0.00000000099999999998 
0.00000000099999999982 0.99999999699999997382 0.00000000099999999982 0.00000000099999999982 
0.00000000099999999988 0.99999999700000008485 0.00000000099999999988 0.00000000099999999988 
0.00000000099999999986 0.99999999699999997382 0.00000000099999999986 0.00000000099999999986 
0.00837081579367831077 0.98694787416768392507 0.00000000941419127547 0.00468130062444650167 
0.00000000099999999996 0.97514763154905059750 0.02485236645094945560 0.00000000099999999996 
0.00000000099999999998 0.98975891485267097902 0.00000001644282676568 0.01024106770450228070 
0.00000000099999999996 0.00095721169305161221 0.00000000099999999996 0.99904278630694831609 
0.00000000099999999996 0.02857415930823501218 0.00000000099999999996 0.97142583869176502009 
0.00000000099999999995 0.00000000099999999995 0.00000000099999999995 0.99999999699999997382 
0.00000000099999999995 0.00505091627512900022 0.00000000099999999995 0.99494908172487095399 
0.00116209508450337991 0.00361628486243332440 0.00000000099999999999 0.99522161905306327778 
0.00000000099999999997 0.01409016081220688943 0.00000000099999999997 0.98590983718779312550 
0.00000000099999999989 0.00000000099999999989 0.00000000099999999989 0.99999999699999997382 
0.00000000099999999996 0.00407540711567715326 0.00000000099999999996 0.99592459088432283565 
0.00000000099999999996 0.00000000099999999996 0.00000000099999999996 0.99999999699999997382 
0.00000000099999999994 0.00000000099999999994 0.00727959050715188197 0.99272040749284817807 
0.00000000099999999987 0.00000000099999999987 0.00000000099999999987 0.99999999699999997382 
0.00000000099999999998 0.00000000099999999998 0.00832579098804653132 0.99167420701195341248 
0.01142735674254188177 0.01357245683456334735 0.01097919357750549302 0.96402099284538922408 
0.02686316561784603957 0.00000000099999999999 0.06122291519688845274 0.91191391818526545965 
0.00002791925042007731 0.00000000099999999997 0.00000040774857545812 0.99997167200100445239 
0.00000000099999999994 0.00000000099999999994 0.00000000099999999994 0.99999999700000008485 
0.00000000099999999987 0.00000000099999999987 0.00000000099999999987 0.99999999699999997382 
0.00000000099999999991 0.00000000099999999991 0.02951460717092598343 0.97048539082907392395 
0.00000000099999999988 0.00000000099999999988 0.00000000099999999988 0.99999999700000008485 
0.00000000099999999985 0.00000000099999999985 0.00000000099999999985 0.99999999700000008485 
0.00000000099999999995 0.00000000099999999995 0.00164853624521560339 0.99835146175478450825 
0.00000000099999999991 0.00000000099999999991 0.00000000099999999991 0.99999999699999997382 
0.00000000099999999991 0.00000000099999999991 0.00755756685676394445 0.99244243114323615895 
0.00000000099999999996 0.00000000099999999996 0.02832126073292031213 0.97167873726707965076 
0.00000000099999999997 0.98131062891232934131 0.00000000099999999997 0.01868936908767079852 
0.00000000099999999997 0.99999999699999997382 0.00000000099999999997 0.00000000099999999997 
0.00000000099999999996 0.99445089025716326692 0.00554910774283674888 0.00000000099999999996 
0.00000000099999999997 0.98577794205365321112 0.01422205594634675350 0.00000000099999999997 
0.00000000099999999999 0.98548678600392136673 0.01451321199607864473 0.00000000099999999999 
0.00000000099999999998 0.95952447533775042654 0.00000004550065080985 0.04047547816159891010 
0.00000000100000000000 0.97700342908333548397 0.01151988715491532658 0.01147668276174937906 
0.00000000099999999992 0.99999999700000008485 0.00000000099999999992 0.00000000099999999992 
0.00000000099999999984 0.00000000099999999984 0.00000000099999999984 0.99999999700000008485 
0.00000000099999999997 0.00000000099999999997 0.07891171996922564935 0.92108827803077431007 
0.00000000099999999996 0.01569698004872443348 0.00000000099999999996 0.98430301795127561615 
0.00000000099999999996 0.00469488941923029788 0.00000000099999999996 0.99530510858076959302 
0.00000000099999999989 0.00000000099999999989 0.00000000099999999989 0.99999999700000008485 
0.00000000099999999976 0.00000000099999999976 0.00000000099999999976 0.99999999700000008485 
0.00000000099999999992 0.00875739861513719249 0.00000000099999999992 0.99124259938486269927 
0.00000000099999999974 0.00000000099999999974 0.00000000099999999974 0.99999999700000008485 
0.00000000099999999987 0.00000000099999999987 0.00000000099999999987 0.99999999699999997382 
0.00000000099999999992 0.00000000099999999992 0.00000000099999999992 0.99999999700000008485 
0.00000000099999999991 0.00000000099999999991 0.00000000099999999991 0.99999999699999997382 
0.00000000099999999981 0.00000000099999999981 0.00000000099999999981 0.99999999700000008485 
0.00000000099999999974 0.00000000099999999974 0.00000000099999999974 0.99999999700000008485 
0.00000000099999999978 0.00000000099999999978 0.00000000099999999978 0.99999999699999997382 
0.00000000099999999998 0.03353056145292322709 0.00000000099999999998 0.96646943654707673232 
0.00000000099999999986 0.99999999700000008485 0.00000000099999999986 0.00000000099999999986 
0.00000000099999999979 0.99999999699999997382 0.00000000099999999979 0.00000000099999999979 
0.00000000099999999986 0.99999999700000008485 0.00000000099999999986 0.00000000099999999986 
0.00000000099999999979 0.99999999700000008485 0.00000000099999999979 0.00000000099999999979 
0.00000000099999999984 0.99999999699999997382 0.00000000099999999984 0.00000000099999999984 
0.00000000099999999997 0.96014299987841145168 0.03440215074725535421 0.00545484837433322153 
0.00000000099999999971 0.99999999700000008485 0.00000000099999999971 0.00000000099999999971 
0.00000000099999999976 0.99999999699999997382 0.00000000099999999976 0.00000000099999999976 
0.00000000099999999973 0.99999999700000008485 0.00000000099999999973 0.00000000099999999973 
0.00000000099999999972 0.99999999700000008485 0.00000000099999999972 0.00000000099999999972 
0.00000000099999999972 0.99999999699999997382 0.00000000099999999972 0.00000000099999999972 
0.00000000099999999970 0.99999999699999997382 0.00000000099999999970 0.00000000099999999970 
0.00000000099999999971 0.99999999699999997382 0.00000000099999999971 0.00000000099999999971 
0.00000000099999999970 0.99999999700000008485 0.00000000099999999970 0.00000000099999999970 
0.00000000099999999990 0.93166017597771244585 0.06833982202228769398 0.00000000099999999990 
0.00000000099999999991 0.92776735963555934106 0.07223263836444053509 0.00000000099999999991 
0.00000000099999999990 0.92826170461669499367 0.07173829338330513228 0.00000000099999999990 
0.00000000099999999992 0.92978225966392402668 0.07021773833607601600 0.00000000099999999992 
0.00000000099999999992 0.93480287329262801155 0.06519712470737194787 0.00000000099999999992 
0.00000000099999999991 0.93077518423502514366 0.06922481376497471861 0.00000000099999999991 
0.00000000099999999990 0.92487754366321817123 0.07512245433678187145 0.00000000099999999990 
0.00000000099999999990 0.92659653691328192071 0.07340346108671806646 0.00000000099999999990 
0.00000000099999999993 0.00000000099999999993 0.00000004013744575722 0.99999995786255424512 
0.00000000099999999992 0.00000000099999999992 0.00000000099999999992 0.99999999700000008485 
0.00000000099999999997 0.00000000099999999997 0.01013097500149326077 0.98986902299850665354 
0.00000000099999999994 0.00000000099999999994 0.00000000099999999994 0.99999999699999997382 
0.00000000099999999996 0.00000000099999999996 0.00344470467930964959 0.99655529332069048287 
0.00467996002511201353 0.00000000099999999996 0.00284749658103458474 0.99247254239385329644 
0.00000000099999999993 0.00000000099999999993 0.00000000099999999993 0.99999999700000008485 
0.00883239547348610606 0.00000000099999999996 0.00000000099999999996 0.99116760252651392449 
0.00000000099999999994 0.98853608203428811052 0.00000000099999999994 0.01146391596571205186 
0.00000000099999999996 0.99999999699999997382 0.00000000099999999996 0.00000000099999999996 
0.00000000099999999983 0.99999999700000008485 0.00000000099999999983 0.00000000099999999983 
0.00000000099999999995 0.99999999700000008485 0.00000000099999999995 0.00000000099999999995 
0.00000000099999999996 0.99999999699999997382 0.00000000099999999996 0.00000000099999999996 
0.00000000099999999996 0.97040206136145334970 0.00000000099999999996 0.02959793663854669299 
0.00000000099999999996 0.92356760438410590019 0.00000000099999999996 0.07643239361589421188 
0.00527983282926564653 0.94813101833234569860 0.02616733587361613766 0.02042181296477232899 
0.00000000099999999982 0.00000000099999999982 0.00000000099999999982 0.99999999699999997382 
0.00000000099999999982 0.00000000099999999982 0.00000000099999999982 0.99999999699999997382 
0.00000000099999999994 0.00000000099999999994 0.00000000099999999994 0.99999999700000008485 
0.00000000099999999988 0.00000000099999999988 0.00000000099999999988 0.99999999699999997382 
0.00000000099999999984 0.00000000099999999984 0.00000000099999999984 0.99999999700000008485 
0.00000000099999999982 0.00000000099999999982 0.00000000099999999982 0.99999999700000008485 
0.00000000099999999985 0.00000000099999999985 0.00000000099999999985 0.99999999699999997382 
0.00000000099999999992 0.00000000099999999992 0.00000000099999999992 0.99999999699999997382 
0.00000000099999999986 0.00000000099999999986 0.00000000099999999986 0.99999999700000008485 
0.00000000099999999978 0.00000000099999999978 0.99999999699999986280 0.00000000099999999978 
0.00000000099999999989 0.00000000099999999989 0.99999999699999986280 0.00000000099999999989 
0.00000000099999999992 0.08336085313551305775 0.91663914486448683228 0.00000000099999999992 
0.00000000099999999978 0.00000000099999999978 0.99999999699999997382 0.00000000099999999978 
0.00000000099999999979 0.00000000099999999979 0.99999999699999997382 0.00000000099999999979 
0.00000000099999999978 0.00000000099999999978 0.99999999699999997382 0.00000000099999999978 
0.00000000099999999979 0.00000000099999999979 0.99999999699999986280 0.00000000099999999979 
0.00000000099999999994 0.00000000099999999994 0.15269417634383031235 0.84730582165616963319 
0.00000000099999999996 0.00855320689270904280 0.15689409257927539043 0.83455269952801547362 
0.00000000099999999995 0.00000000099999999995 0.16799898754813444302 0.83200101045186558579 
0.00000000099999999994 0.00000000099999999994 0.13679706645918390806 0.86320293154081617626 
0.00000000099999999990 0.00057216541548549163 0.00000000099999999990 0.99942783258451439732 
0.00000000099999999999 0.03051568558364521622 0.00000014206273658693 0.96948417135361830699 
0.00000000099999999988 0.00000000099999999988 0.00000000099999999988 0.99999999700000008485 
0.00000000099999999988 0.01820886283355411042 0.00000000099999999988 0.98179113516644589410 
0.00000000099999999992 0.00133432336128679507 0.00000000099999999992 0.99866567463871325216 
0.00000000099999999977 0.00000000099999999977 0.00000000099999999977 0.99999999700000008485 
0.00000000099999999976 0.00000000099999999976 0.00000000099999999976 0.99999999699999997382 
0.00000000099999999996 0.00721244061728765640 0.00380443383319178149 0.98898312454952064243 
0.00000000099999999984 0.00000000099999999984 0.00000000099999999984 0.99999999700000008485 
0.00000000099999999998 0.06108166152730396675 0.00000000099999999998 0.93891833647269595797 
0.00000000099999999993 0.00696901808015667860 0.00000000099999999993 0.99303097991984323745 
0.00000000099999999994 0.00676519259588783707 0.00000000099999999994 0.99323480540411202000 
0.00000000099999999996 0.01335294840625170926 0.00000000099999999996 0.98664704959374827098 
0.00000000099999999993 0.00000000099999999993 0.00000000099999999993 0.99999999699999997382 
0.01720199272530740717 0.01254315151217878441 0.00000000099999999998 0.97025485476251394079 
0.04274983218572657451 0.03607146670176279019 0.00000000100000000000 0.92117870011251068441 
0.99999999700000008485 0.00000000099999999985 0.00000000099999999985 0.00000000099999999985 
0.99999999700000008485 0.00000000099999999980 0.00000000099999999980 0.00000000099999999980 
0.97091238737438800843 0.02908761062561194058 0.00000000099999999996 0.00000000099999999996 
0.99999999700000008485 0.00000000099999999991 0.00000000099999999991 0.00000000099999999991 
0.99999999700000008485 0.00000000099999999988 0.00000000099999999988 0.00000000099999999988 
0.00000000099999999983 0.99999999699999997382 0.00000000099999999983 0.00000000099999999983 
0.00000000099999999999 0.98643894160082179479 0.00751085047543618815 0.00605020692374200371 
0.00000000099999999989 0.99999999699999997382 0.00000000099999999989 0.00000000099999999989 
0.00904321281973687226 0.91047472258837891523 0.00000000099999999999 0.08048206359188429804 
0.00000000099999999994 0.99999999699999997382 0.00000000099999999994 0.00000000099999999994 
0.00000000099999999986 0.99999999700000008485 0.00000000099999999986 0.00000000099999999986 
0.00000000099999999978 0.99999999699999997382 0.00000000099999999978 0.00000000099999999978 
0.00000000099999999985 0.99999999699999997382 0.00000000099999999985 0.00000000099999999985 
0.00000000099999999995 0.99999999700000008485 0.00000000099999999995 0.00000000099999999995 
0.00000000099999999997 0.92692983155120556304 0.00000000099999999997 0.07307016644879443801 
0.00999300016912174627 0.94994196018442411678 0.02913406572575777745 0.01093097392069627971 
0.00485905643242481606 0.88661477459778370580 0.00000000100000000000 0.10852616796979135116 
0.00000000099999999981 0.99999999700000008485 0.00000000099999999981 0.00000000099999999981 
0.00000000099999999999 0.98620454320103323465 0.01379545479896675947 0.00000000099999999999 
0.00000000099999999985 0.99999999700000008485 0.00000000099999999985 0.00000000099999999985 
0.00000000099999999996 0.00000000099999999996 0.00608529453179421607 0.99391470346820576243 
0.00000000099999999998 0.03039537164844186706 0.01410357276509513827 0.95550105458646295009 
0.00000000099999999994 0.00000000099999999994 0.02958809045369278565 0.97041190754630723969 
0.00000000099999999997 0.01285097073601934245 0.00489225658751618869 0.98225677167646452403 
0.00000000099999999996 0.00000000099999999996 0.01898467215583899206 0.98101532584416095695 
0.00000000099999999994 0.00808301562314869132 0.00000000099999999994 0.99191698237685144157 
0.00000000099999999997 0.01316007406935812765 0.00446556591207413530 0.98237435901856773324 
0.00000017865537470689 0.00000016836878789798 0.00207837783361833946 0.99792127514221906637 
0.00000000099999999986 0.00000000099999999986 0.00000000099999999986 0.99999999700000008485 
0.00000000099999999995 0.01711228507054273623 0.00601787315169459436 0.97686984077776273239 
0.00000000099999999988 0.00000000099999999988 0.00000000099999999988 0.99999999700000008485 
0.00000000099999999983 0.00000000099999999983 0.00000000099999999983 0.99999999699999997382 
0.00000000099999999996 0.02261034619173525606 0.00496751278590730483 0.97242214002235738413 
0.00000000099999999988 0.00000000099999999988 0.00000000099999999988 0.99999999700000008485 
0.00000000099999999973 0.00000000099999999973 0.00000000099999999973 0.99999999699999997382 
0.00000000099999999991 0.02233445197064890669 0.00000000099999999991 0.97766554602935118456 
0.00000000099999999994 0.01318253178540588350 0.00000000099999999994 0.98681746621459409674 
0.00000000099999999990 0.00208084972249206711 0.00000000099999999990 0.99791914827750805017 
0.00000000099999999993 0.00000000099999999993 0.00662319222942526174 0.99337680577057474451 
0.00000000099999999991 0.00000000099999999991 0.00000000099999999991 0.99999999699999997382 
0.00000000099999999999 0.02386756088252093427 0.00000000099999999999 0.97613243711747899045 
0.00000000099999999986 0.00000000099999999986 0.00000000099999999986 0.99999999700000008485 
0.00000000099999999996 0.00000000099999999996 0.00000000099999999996 0.99999999700000008485 
0.00000000099999999992 0.00000000099999999992 0.00000000099999999992 0.99999999699999997382 
0.00000000099999999994 0.25668923729078801932 0.00000000099999999994 0.74331076070921187071 
0.00000000099999999994 0.34074742964074145046 0.00000000099999999994 0.65925256835925849508 
0.00000000099999999992 0.23874468318933669830 0.00000000099999999992 0.76125531481066321948 
0.00000000099999999992 0.14210030825418337730 0.00000000099999999992 0.85789968974581654049 
0.00000000099999999995 0.09182638945447144097 0.00133756763353077863 0.90683604191199784772 
0.00000000099999999992 0.22963548896232197083 0.00000000099999999992 0.77036450903767805798 
0.00000000099999999994 0.26088095306982173049 0.00000000099999999994 0.73911904493017821505 
0.00000000099999999995 0.32991587838909064434 0.00000000099999999995 0.67008411961090941222 
0.03969493637087439381 0.00000000099999999999 0.00000000099999999999 0.96030506162912576684 
0.03965717815511381195 0.00000000099999999996 0.00000000099999999996 0.96034281984488623074 
0.02182190796536948030 0.00000000099999999997 0.00000000099999999997 0.97817809003463040973 
0.02599821230248937701 0.00719914394505631952 0.00000000099999999996 0.96680264275245431094 
0.00000000099999999999 0.00941226438629766751 0.04542012744138610586 0.94516760717231618205 
0.00000000099999999998 0.01659680020326419550 0.00000000099999999998 0.98340319779673579514 
0.00000000099999999998 0.01005577758592741608 0.00000000099999999998 0.98994422041407259538 
0.00190139246200759474 0.00000000099999999992 0.00000000099999999992 0.99809860553799245597 
0.00000000099999999991 0.00000000099999999991 0.00000000099999999991 0.99999999700000008485 
0.00000000099999999998 0.00759546100847537098 0.01161461592309650029 0.98078992206842807722 
0.05072940888722439479 0.00000000099999999998 0.08020444432260319390 0.86906614579017238409 
0.00000000099999999993 0.00000000099999999993 0.00000000099999999993 0.99999999700000008485 
0.00000000099999999994 0.00000000099999999994 0.00589579180064583788 0.99410420619935413455 
0.00000000099999999992 0.00000000099999999992 0.00000000099999999992 0.99999999699999997382 
0.00000000099999999984 0.00000000099999999984 0.00000000099999999984 0.99999999700000008485 
0.00000000099999999997 0.00000000099999999997 0.02247254830176095147 0.97752744969823901489 
0.00000000099999999978 0.00000000099999999978 0.00000000099999999978 0.99999999700000008485 
0.00000000099999999988 0.00000000099999999988 0.00000000099999999988 0.99999999700000008485 
0.00000000099999999993 0.00000000099999999993 0.01474425692425588956 0.98525574107574409588 
0.00000000099999999986 0.00000000099999999986 0.00000000099999999986 0.99999999699999997382 
0.00000000099999999992 0.00000000099999999992 0.00000000099999999992 0.99999999700000008485 
0.00000000099999999995 0.00000000099999999995 0.00000000099999999995 0.99999999699999997382 
0.00000000099999999996 0.00000000099999999996 0.00000000099999999996 0.99999999700000008485 
0.00000000099999999997 0.00000000099999999997 0.00000000099999999997 0.99999999700000008485 
0.00000000099999999999 0.00000000099999999999 0.00078948247064586092 0.99921051552935413742 
0.00000000099999999997 0.00000000099999999997 0.00114162975522074739 0.99885836824477935991 
0.00000000099999999996 0.03219013125861461266 0.00000000099999999996 0.96780986674138536063 
0.00399748937686791959 0.02341633779285257413 0.00000000100000000000 0.97258617183027951114 
0.00000000099999999994 0.00000000099999999994 0.00076354624794748051 0.99923645175205244584 
0.00000000099999999991 0.00000000099999999991 0.00000000099999999991 0.99999999699999997382 
0.00000000099999999995 0.00000000099999999995 0.00000000099999999995 0.99999999700000008485 
0.00000000099999999996 0.00000000099999999996 0.00000000099999999996 0.99999999700000008485 
0.00000000099999999996 0.00000000099999999996 0.00000000099999999996 0.99999999699999997382 
0.01643629123681128457 0.00045088223858542312 0.00000000099999999999 0.98311282552460332873 
0.01614553370824139272 0.98385446429175860139 0.00000000099999999998 0.00000000099999999998 
0.00000000099999999991 0.99999999699999997382 0.00000000099999999991 0.00000000099999999991 
0.00000000099999999994 0.98679892264789048628 0.01320107535210943844 0.00000000099999999994 
0.00000000099999999994 0.95476163017836701563 0.00000000099999999994 0.04523836782163302705 
0.00000000099999999999 0.98616583878140418040 0.01383415814416354486 0.00000000207443238864 
0.01828557643470960642 0.96903382135881233062 0.00000000099999999999 0.01268060120647801839 
0.00000000099999999983 0.99999999700000008485 0.00000000099999999983 0.00000000099999999983 
0.00000000099999999983 0.99999999699999997382 0.00000000099999999983 0.00000000099999999983 
0.00000000099999999973 0.99999999700000008485 0.00000000099999999973 0.00000000099999999973 
0.00000000099999999973 0.99999999699999997382 0.00000000099999999973 0.00000000099999999973 
0.00000000099999999982 0.99999999700000008485 0.00000000099999999982 0.00000000099999999982 
0.00000000099999999977 0.99999999700000008485 0.00000000099999999977 0.00000000099999999977 
0.00000000099999999975 0.99999999699999997382 0.00000000099999999975 0.00000000099999999975 
0.00000000099999999981 0.99999999700000008485 0.00000000099999999981 0.00000000099999999981 
0.00000000099999999978 0.99999999699999997382 0.00000000099999999978 0.00000000099999999978 
0.00000000099999999979 0.99999999699999997382 0.00000000099999999979 0.00000000099999999979 
0.02278604954979174604 0.96894555052045594490 0.00000000099999999999 0.00826839892975249520 
0.00000000099999999998 0.98475751857897986241 0.00189731312227198732 0.01334516729874822040 
0.01966994343529003889 0.95026738263289756148 0.01805887506264555048 0.01200379886916680405 
0.00000000099999999997 0.92281683981543771722 0.00000000099999999997 0.07718315818456229771 
0.00000000099999999999 0.98064324199161945206 0.01935675600838056634 0.00000000099999999999 
0.00000000099999999991 0.99999999699999997382 0.00000000099999999991 0.00000000099999999991 
0.00000000099999999999 0.97667524487410528611 0.02332475312589480168 0.00000000099999999999 
0.00000000099999999991 0.99999999699999997382 0.00000000099999999991 0.00000000099999999991 
0.00000000099999999994 0.00000000099999999994 0.04557374397197527099 0.95442625402802461210 
0.00000000099999999997 0.00000000099999999997 0.03626953748725816884 0.96373046051274191548 
0.00000000099999999997 0.00000000099999999997 0.02481189404341129293 0.97518810395658883650 
0.00000000099999999991 0.00000000099999999991 0.02694691522357456348 0.97305308277642543757 
0.00000000099999999992 0.00000000099999999992 0.06034138931504307024 0.93965860868495698632 
0.00000000099999999998 0.00000000099999999998 0.01425356022677181159 0.98574643777322823457 
0.00000000099999999995 0.00000000099999999995 0.00879899504602139372 0.99120100295397861601 
0.00000000099999999995 0.00000000099999999995 0.04070581347025581387 0.95929418452974413167 
0.00000000099999999999 0.02399226837221204653 0.03541315290718399789 0.94059457772060406366 
0.00000000099999999984 0.99999999700000008485 0.00000000099999999984 0.00000000099999999984 
0.00000000099999999996 0.99999999700000008485 0.00000000099999999996 0.00000000099999999996 
0.02569338788505601961 0.86999165806549416669 0.00000000099999999999 0.10431495304944980729 
0.00000000099999999979 0.99999999700000008485 0.00000000099999999979 0.00000000099999999979 
0.00000000099999999977 0.99999999700000008485 0.00000000099999999977 0.00000000099999999977 
0.00000000099999999981 0.99999999699999997382 0.00000000099999999981 0.00000000099999999981 
0.00000000099999999981 0.99999999699999997382 0.00000000099999999981 0.00000000099999999981 
0.00000000099999999985 0.99999999700000008485 0.00000000099999999985 0.00000000099999999985 
0.99999999699999997382 0.00000000099999999979 0.00000000099999999979 0.00000000099999999979 
0.99999999700000008485 0.00000000099999999976 0.00000000099999999976 0.00000000099999999976 
0.99999999700000008485 0.00000000099999999982 0.00000000099999999982 0.00000000099999999982 
0.99999999699999997382 0.00000000099999999973 0.00000000099999999973 0.00000000099999999973 
0.99999999699999997382 0.00000000099999999979 0.00000000099999999979 0.00000000099999999979 
0.99999999699999997382 0.00000000099999999974 0.00000000099999999974 0.00000000099999999974 
0.99999999699999997382 0.00000000099999999980 0.00000000099999999980 0.00000000099999999980 
0.99999999699999997382 0.00000000099999999971 0.00000000099999999971 0.00000000099999999971 
0.00000000099999999992 0.99999999700000008485 0.00000000099999999992 0.00000000099999999992 
0.00914809777224638576 0.87426866927322455236 0.00000000099999999998 0.11658323195452903465 
0.00000000099999999984 0.99999999699999997382 0.00000000099999999984 0.00000000099999999984 
0.00000000099999999996 0.99481972539825003210 0.00518027260175000104 0.00000000099999999996 
0.00000000099999999999 0.95786196212028806851 0.00000000099999999999 0.04213803587971187009 
0.00000000099999999993 0.99999999700000008485 0.00000000099999999993 0.00000000099999999993 
0.00000000099999999999 0.95719806332063561705 0.00344323930179105250 0.03935869637757336004 
0.00000000099999999991 0.99999999700000008485 0.00000000099999999991 0.00000000099999999991 
0.00000343819284923588 0.99999655102027218412 0.00000000099999999999 0.00000000978687842532 
0.00000000099999999979 0.99999999700000008485 0.00000000099999999979 0.00000000099999999979 
0.00000000099999999980 0.99999999699999997382 0.00000000099999999980 0.00000000099999999980 
0.00000000099999999988 0.99999999700000008485 0.00000000099999999988 0.00000000099999999988 
0.00000000099999999977 0.99999999699999997382 0.00000000099999999977 0.00000000099999999977 
0.00000000099999999985 0.99999999699999997382 0.00000000099999999985 0.00000000099999999985 
0.00000000099999999981 0.99999999699999997382 0.00000000099999999981 0.00000000099999999981 
0.00000000099999999979 0.99999999700000008485 0.00000000099999999979 0.00000000099999999979 
0.00000000099999999979 0.99999999699999997382 0.00000000099999999979 0.00000000099999999979 
0.00000000099999999979 0.99999999699999997382 0.00000000099999999979 0.00000000099999999979 
0.00000000099999999976 0.99999999699999997382 0.00000000099999999976 0.00000000099999999976 
0.00000000099999999972 0.99999999700000008485 0.00000000099999999972 0.00000000099999999972 
0.00000000099999999990 0.99999999700000008485 0.00000000099999999990 0.00000000099999999990 
0.00000000099999999975 0.99999999699999997382 0.00000000099999999975 0.00000000099999999975 
0.00000000099999999990 0.99999999699999997382 0.00000000099999999990 0.00000000099999999990 
0.03535381347081024972 0.00000000099999999999 0.04821129870359309316 0.91643488682559659519 
0.01491285455515927762 0.00000000099999999998 0.02328639438626546598 0.96180075005857512682 
0.00000000099999999997 0.00000000099999999997 0.05685372882380137355 0.94314626917619870383 
0.01490532934876749940 0.00000000099999999999 0.03072185858614593160 0.95437281106508653483 
0.01848598869170729742 0.00000000099999999997 0.04583270163683218767 0.93568130867146059870 
0.03933228015451215726 0.00972114404148040172 0.04706077536839808895 0.90388580043560928790 
0.00017026172435732762 0.00000000100000000000 0.04190667534788975607 0.95792306192775300566 
0.00000000099999999996 0.01236260495492014222 0.00000000099999999996 0.98763739304507980332 
0.00000000099999999997 0.00000000099999999997 0.01883417837083264240 0.98116581962916737947 
0.00000000099999999998 0.00000000099999999998 0.01204511512464914030 0.98795488287535071503 
0.00087969910171914543 0.00000000099999999999 0.03089288243293899019 0.96822741746534179974 
0.01315154839466816175 0.01532393733046726221 0.00000000099999999999 0.97152451327486466504 
0.01406019954523550670 0.00964652636776767124 0.00272081971880577898 0.97357245436819095374 
0.00000000099999999996 0.00000000099999999996 0.01676981735910386753 0.98323018064089617862 
0.00032586397729227734 0.00929895015914762764 0.00039102939226701953 0.98998415647129311967 
0.00559999210974608183 0.00000000100000000000 0.02996704965647884258 0.96443295723377497897 
0.00000000099999999988 0.00000000099999999988 0.00000000099999999988 0.99999999699999997382 
0.01216416644017530475 0.00000000100000000000 0.00742147747218640293 0.98041435508763830065 
0.00000000099999999976 0.00000000099999999976 0.00000000099999999976 0.99999999699999997382 
0.00000000099999999994 0.00000000099999999994 0.00000000099999999994 0.99999999700000008485 
0.00000000099999999994 0.01392972828826185595 0.00000000099999999994 0.98607026971173816765 
0.00000000099999999998 0.00000000099999999998 0.00000000099999999998 0.99999999700000008485 
0.00791919372822604689 0.00000000099999999995 0.00000000099999999995 0.99208080427177403049 
0.00914893811291364774 0.02756482536772078898 0.00000000100000000000 0.96328623551936554126 
0.00000000099999999985 0.00000000099999999985 0.00000000099999999985 0.99999999699999997382 
0.00000000099999999995 0.00000000099999999995 0.03740236072393356842 0.96259763727606639794 
0.00000000099999999988 0.00000000099999999988 0.00000000099999999988 0.99999999700000008485 
0.00000000099999999982 0.00000000099999999982 0.00000000099999999982 0.99999999700000008485 
0.00000000099999999998 0.00000103236551966175 0.00000000099999999998 0.99999896563448031905 
0.00000000099999999989 0.00000000099999999989 0.00000000099999999989 0.99999999699999997382 
0.00000000099999999985 0.00000000099999999985 0.00000000099999999985 0.99999999699999997382 
0.00000000099999999989 0.00000000099999999989 0.00000000099999999989 0.99999999700000008485 
0.00000000099999999986 0.00000000099999999986 0.00000000099999999986 0.99999999700000008485 
0.00000000099999999987 0.00000000099999999987 0.00000000099999999987 0.99999999700000008485 
0.00000000099999999994 0.03094915478855313554 0.00000000099999999994 0.96905084321144685511 
0.00000000099999999983 0.00000000099999999983 0.00000000099999999983 0.99999999699999997382 
0.00000000099999999996 0.02871609856998540503 0.00000000099999999996 0.97128389943001458562 
0.00000000099999999978 0.00000000099999999978 0.00000000099999999978 0.99999999700000008485 
0.00000000099999999996 0.02465566919003017027 0.00000000099999999996 0.97534432880996990711 
0.00000000099999999980 0.00000000099999999980 0.00000000099999999980 0.99999999699999997382 
0.99999999699999997382 0.00000000099999999997 0.00000000099999999997 0.00000000099999999997 
0.99999999700000008485 0.00000000099999999995 0.00000000099999999995 0.00000000099999999995 
0.99999999700000008485 0.00000000099999999985 0.00000000099999999985 0.00000000099999999985 
0.99999999700000008485 0.00000000099999999985 0.00000000099999999985 0.00000000099999999985 
0.99999999699999997382 0.00000000099999999986 0.00000000099999999986 0.00000000099999999986 
0.99999999700000008485 0.00000000099999999988 0.00000000099999999988 0.00000000099999999988 
0.99999999699999997382 0.00000000099999999988 0.00000000099999999988 0.00000000099999999988 
0.97257397853168547908 0.00000000099999999997 0.00000000099999999997 0.02742601946831469545 
0.99999999700000008485 0.00000000099999999991 0.00000000099999999991 0.00000000099999999991 
