0.00000000099999999998 0.77896863794491610911 0.00000000099999999998 0.10870047984595934687 0.11233088020912464222 
0.00000000215130004186 0.99999999484870005784 0.00000000099999999995 0.00000000099999999995 0.00000000099999999995 
0.00009355979340347938 0.99193226536644807378 0.00000000099999999998 0.00000000099999999998 0.00797417284014850444 
0.00000000099999999997 0.96960856006258877571 0.00000000099999999997 0.03039143693741112873 0.00000000099999999997 
0.00340520318068523791 0.99659479381931481701 0.00000000099999999997 0.00000000099999999997 0.00000000099999999997 
0.00000000099999999998 0.02679834291944980726 0.00000000099999999998 0.00000000099999999998 0.97320165408055014922 
0.00000000099999999998 0.34421147961581738395 0.00757419570647901302 0.00000000099999999998 0.64821432267770351388 
0.00000000099999999986 0.00000000099999999986 0.00000000099999999986 0.00000000099999999986 0.99999999600000000211 
0.00000000099999999978 0.99999999600000011313 0.00000000099999999978 0.00000000099999999978 0.00000000099999999978 
0.00000000099999999990 0.99599671897497754625 0.00400327802502239982 0.00000000099999999990 0.00000000099999999990 
0.00000000099999999977 0.99999999600000011313 0.00000000099999999977 0.00000000099999999977 0.00000000099999999977 
0.00000000099999999980 0.97598490994683084754 0.00000000099999999980 0.02401508705316909159 0.00000000099999999980 
0.00000000099999999990 0.99790178440195098641 0.00209821259804897613 0.00000000099999999990 0.00000000099999999990 
0.00000000099999999990 0.96342791918610104496 0.00308007902121952646 0.03349199979267927091 0.00000000099999999990 
0.00000000099999999993 0.88624174014747358896 0.02506808539362037971 0.08869017245890610524 0.00000000099999999993 
0.00000000099999999987 0.83638740097278629904 0.04652200659670935323 0.11709059043050427940 0.00000000099999999987 
0.00000000099999999971 0.00000000099999999971 0.99999999599999989108 0.00000000099999999971 0.00000000099999999971 
0.00000000099999999974 0.00000000099999999974 0.99999999599999989108 0.00000000099999999974 0.00000000099999999974 
0.00000000099999999967 0.00000000099999999967 0.99999999599999989108 0.00000000099999999967 0.00000000099999999967 
0.00000000099999999970 0.00000000099999999970 0.99999999600000000211 0.00000000099999999970 0.00000000099999999970 
0.00000000099999999972 0.00000000099999999972 0.99999999599999989108 0.00000000099999999972 0.00000000099999999972 
0.00000000099999999991 0.00000000099999999991 0.98736554531861220330 0.01263445168138764563 0.00000000099999999991 
0.00000000099999999965 0.00000000099999999965 0.99999999599999989108 0.00000000099999999965 0.00000000099999999965 
0.00000000099999999974 0.00000000099999999974 0.99999999600000000211 0.00000000099999999974 0.00000000099999999974 
0.99999999600000011313 0.00000000099999999976 0.00000000099999999976 0.00000000099999999976 0.00000000099999999976 
0.92960949614539045704 0.00000000099999999986 0.07039050085460960005 0.00000000099999999986 0.00000000099999999986 
0.99999999600000000211 0.00000000099999999970 0.00000000099999999970 0.00000000099999999970 0.00000000099999999970 
0.99999999600000000211 0.00000000099999999976 0.00000000099999999976 0.00000000099999999976 0.00000000099999999976 
0.99999999600000011313 0.00000000099999999971 0.00000000099999999971 0.00000000099999999971 0.00000000099999999971 
0.99999999600000000211 0.00000000099999999988 0.00000000099999999988 0.00000000099999999988 0.00000000099999999988 
0.99999999600000011313 0.00000000099999999975 0.00000000099999999975 0.00000000099999999975 0.00000000099999999975 
0.99999999600000011313 0.00000000099999999972 0.00000000099999999972 0.00000000099999999972 0.00000000099999999972 
0.02034538892005310906 0.97207236873396318799 0.00000000099999999998 0.00000000099999999998 0.00758224034598369793 
0.00000000099999999988 0.99999999600000011313 0.00000000099999999988 0.00000000099999999988 0.00000000099999999988 
0.00000000099999999987 0.99999999600000011313 0.00000000099999999987 0.00000000099999999987 0.00000000099999999987 
0.00000000099999999966 0.00000000099999999966 0.99999999600000000211 0.00000000099999999966 0.00000000099999999966 
0.00000000099999999969 0.00000000099999999969 0.99999999600000000211 0.00000000099999999969 0.00000000099999999969 
0.02244662900630089997 0.00000000099999999990 0.97755336799369918488 0.00000000099999999990 0.00000000099999999990 
0.00000000099999999998 0.06300649093585040939 0.93397348320803852406 0.00000000099999999998 0.00302002385611125496 
0.00000000099999999989 0.00000164833484663235 0.99999834866515335818 0.00000000099999999989 0.00000000099999999989 
0.00000000099999999973 0.00000000099999999973 0.99999999600000000211 0.00000000099999999973 0.00000000099999999973 
0.00000000099999999976 0.99999999600000011313 0.00000000099999999976 0.00000000099999999976 0.00000000099999999976 
0.00000000099999999991 0.99999999600000000211 0.00000000099999999991 0.00000000099999999991 0.00000000099999999991 
0.00000000099999999975 0.99999999600000000211 0.00000000099999999975 0.00000000099999999975 0.00000000099999999975 
0.00000000099999999970 0.99999999600000000211 0.00000000099999999970 0.00000000099999999970 0.00000000099999999970 
0.00000000099999999974 0.99999999600000000211 0.00000000099999999974 0.00000000099999999974 0.00000000099999999974 
0.00000000099999999972 0.99999999600000000211 0.00000000099999999972 0.00000000099999999972 0.00000000099999999972 
0.00000000099999999973 0.99999999600000011313 0.00000000099999999973 0.00000000099999999973 0.00000000099999999973 
0.00000000099999999971 0.99482215144220864644 0.00000000099999999971 0.00517784555779127621 0.00000000099999999971 
0.00000000099999999978 0.00000000099999999978 0.99999999599999989108 0.00000000099999999978 0.00000000099999999978 
0.00000000099999999996 0.00000000099999999996 0.96438896302895127377 0.00000000099999999996 0.03561103397104875556 
0.00000000099999999973 0.00000000099999999973 0.99999999600000000211 0.00000000099999999973 0.00000000099999999973 
0.00000000099999999986 0.00000000099999999986 0.99999999599999989108 0.00000000099999999986 0.00000000099999999986 
0.00000000099999999979 0.00000000099999999979 0.99999999600000000211 0.00000000099999999979 0.00000000099999999979 
0.00000000099999999999 0.00814392800643704701 0.98503342357359491288 0.00000000099999999999 0.00682264641996811229 
0.02467785120665207457 0.00000000099999999994 0.97532214579334808313 0.00000000099999999994 0.00000000099999999994 
0.00000000099999999998 0.01323374268327209141 0.98676625431672793098 0.00000000099999999998 0.00000000099999999998 
0.00000000099999999990 0.99999999600000011313 0.00000000099999999990 0.00000000099999999990 0.00000000099999999990 
0.00000000099999999994 0.97753583950718458961 0.02246415749281549870 0.00000000099999999994 0.00000000099999999994 
0.00000000099999999992 0.99999999600000000211 0.00000000099999999992 0.00000000099999999992 0.00000000099999999992 
0.00000000099999999994 0.99400324484303959061 0.00599675215696039363 0.00000000099999999994 0.00000000099999999994 
0.00000000099999999994 0.99455916363789387269 0.00544083336210611154 0.00000000099999999994 0.00000000099999999994 
0.00000000099999999995 0.99278310876518138794 0.00721688823481859108 0.00000000099999999995 0.00000000099999999995 
0.00000000099999999987 0.99999999600000011313 0.00000000099999999987 0.00000000099999999987 0.00000000099999999987 
0.00000000099999999994 0.99999999600000000211 0.00000000099999999994 0.00000000099999999994 0.00000000099999999994 
0.00000000099999999995 0.99999999600000000211 0.00000000099999999995 0.00000000099999999995 0.00000000099999999995 
0.00000000099999999989 0.99999999600000011313 0.00000000099999999989 0.00000000099999999989 0.00000000099999999989 
0.00000000099999999985 0.99999999600000000211 0.00000000099999999985 0.00000000099999999985 0.00000000099999999985 
0.00000000099999999997 0.99999999600000000211 0.00000000099999999997 0.00000000099999999997 0.00000000099999999997 
0.00519220540289902673 0.83927524850169565873 0.01176478544486975024 0.13512155540066234094 0.00864620524987327367 
0.05176569123592546923 0.78352553825281234801 0.00000000099999999999 0.14177406834321978901 0.02293470116804231448 
0.00000000099999999995 0.81599576930241568551 0.00000000099999999995 0.18400422769758426056 0.00000000099999999995 
0.00000000099999999993 0.76309427059305345864 0.00000000099999999993 0.23690572640694662621 0.00000000099999999993 
0.00000000099999999987 0.99999999600000011313 0.00000000099999999987 0.00000000099999999987 0.00000000099999999987 
0.02380422825327575820 0.78371059435955570116 0.00000000099999999991 0.19248517538716852782 0.00000000099999999991 
0.00000000099999999986 0.82838603154004986084 0.00000000099999999986 0.17161396545995016849 0.00000000099999999986 
0.00000000099999999983 0.80977754944708812967 0.00000000099999999983 0.19022244755291184415 0.00000000099999999983 
0.00000000099999999989 0.99999999600000011313 0.00000000099999999989 0.00000000099999999989 0.00000000099999999989 
0.00000000099999999989 0.99999999600000011313 0.00000000099999999989 0.00000000099999999989 0.00000000099999999989 
0.00000000099999999990 0.99999999600000000211 0.00000000099999999990 0.00000000099999999990 0.00000000099999999990 
0.02339312142653342946 0.74425377694612659951 0.00000000099999999996 0.23235309962733985412 0.00000000099999999996 
0.00000000099999999995 0.02149955324180055291 0.97850044375819944520 0.00000000099999999995 0.00000000099999999995 
0.00000000099999999995 0.00000000099999999995 0.99999999600000000211 0.00000000099999999995 0.00000000099999999995 
0.00614936074015143535 0.00000000099999999994 0.99385063625984859659 0.00000000099999999994 0.00000000099999999994 
0.01423410486737448043 0.00000000099999999996 0.98576589213262544309 0.00000000099999999996 0.00000000099999999996 
0.00672999380290224564 0.00656650982161174294 0.98670349437548598992 0.00000000099999999997 0.00000000099999999997 
0.00000000099999999996 0.04614472142209653099 0.95385527557790361630 0.00000000099999999996 0.00000000099999999996 
0.00430378662275447514 0.01655159067480239596 0.97914462070244323577 0.00000000099999999999 0.00000000099999999999 
0.00000000099999999987 0.00000000099999999987 0.99999999600000000211 0.00000000099999999987 0.00000000099999999987 
0.00000000099999999981 0.99999999600000000211 0.00000000099999999981 0.00000000099999999981 0.00000000099999999981 
0.07450742555161474212 0.81838355196449807938 0.00000000099999999997 0.10710902048388730445 0.00000000099999999997 
0.00000000099999999996 0.98523244121376152282 0.01384675081201770103 0.00092080597422069610 0.00000000099999999996 
0.00000000099999999995 0.99999999600000000211 0.00000000099999999995 0.00000000099999999995 0.00000000099999999995 
0.00000000099999999988 0.99999999600000000211 0.00000000099999999988 0.00000000099999999988 0.00000000099999999988 
0.00000000099999999973 0.99999999600000000211 0.00000000099999999973 0.00000000099999999973 0.00000000099999999973 
0.00000000099999999991 0.99742788100949630881 0.00257211599050361037 0.00000000099999999991 0.00000000099999999991 
0.00000000099999999971 0.99106872858276395810 0.00000000099999999971 0.00893126841723603827 0.00000000099999999971 
0.00000000099999999977 0.00000000099999999977 0.00000000099999999977 0.99999999599999989108 0.00000000099999999977 
0.00000000099999999991 0.03949344214075585502 0.00000000099999999991 0.96050655485924407717 0.00000000099999999991 
0.00000000099999999991 0.00896119322134766687 0.00000000099999999991 0.99103880377865238849 0.00000000099999999991 
0.00000000099999999974 0.00000000099999999974 0.00000000099999999974 0.99999999599999989108 0.00000000099999999974 
0.00000000099999999972 0.00000000099999999972 0.00000000099999999972 0.99999999599999989108 0.00000000099999999972 
0.00000000099999999975 0.00000000099999999975 0.00000000099999999975 0.99999999600000000211 0.00000000099999999975 
0.00000000099999999998 0.00014430694615631632 0.02323975483227595437 0.97661593622156761541 0.00000000099999999998 
0.00000000099999999979 0.00000000099999999979 0.99999999599999989108 0.00000000099999999979 0.00000000099999999979 
0.00000000099999999973 0.00000000099999999973 0.99999999600000000211 0.00000000099999999973 0.00000000099999999973 
0.00000000099999999982 0.00000000099999999982 0.99999999600000000211 0.00000000099999999982 0.00000000099999999982 
0.00000000099999999971 0.00000000099999999971 0.99999999600000000211 0.00000000099999999971 0.00000000099999999971 
0.00000000099999999977 0.00000000099999999977 0.99999999599999989108 0.00000000099999999977 0.00000000099999999977 
0.03079119995693744768 0.01032628687892267992 0.95888251116413991681 0.00000000099999999995 0.00000000099999999995 
0.00000000099999999962 0.00000000099999999962 0.99999999599999989108 0.00000000099999999962 0.00000000099999999962 
0.00000000099999999968 0.00000000099999999968 0.99999999600000000211 0.00000000099999999968 0.00000000099999999968 
0.00000000099999999964 0.00000000099999999964 0.99999999599999989108 0.00000000099999999964 0.00000000099999999964 
0.00000000099999999962 0.00000000099999999962 0.99999999600000000211 0.00000000099999999962 0.00000000099999999962 
0.00000000099999999963 0.00000000099999999963 0.99999999599999989108 0.00000000099999999963 0.00000000099999999963 
0.00000000099999999960 0.00000000099999999960 0.99999999600000000211 0.00000000099999999960 0.00000000099999999960 
0.00000000099999999962 0.00000000099999999962 0.99999999600000000211 0.00000000099999999962 0.00000000099999999962 
0.00000000099999999960 0.00000000099999999960 0.99999999600000000211 0.00000000099999999960 0.00000000099999999960 
0.08559029069728553429 0.00000000099999999985 0.91440970630271456443 0.00000000099999999985 0.00000000099999999985 
0.08942155120496873832 0.00000000099999999986 0.91057844579503122162 0.00000000099999999986 0.00000000099999999986 
0.08712452311180450548 0.00000000099999999985 0.91287547388819556549 0.00000000099999999985 0.00000000099999999985 
0.08622524376274151581 0.00000000099999999988 0.91377475323725854128 0.00000000099999999988 0.00000000099999999988 
0.08140429357901705909 0.00000000099999999988 0.91859570342098295637 0.00000000099999999988 0.00000000099999999988 
0.08639574583168381505 0.00000000099999999987 0.91360425116831611714 0.00000000099999999987 0.00000000099999999987 
0.09256085878357644958 0.00000000099999999985 0.90743913821642363526 0.00000000099999999985 0.00000000099999999985 
0.09018195286437895308 0.00000000099999999985 0.90981804413562106237 0.00000000099999999985 0.00000000099999999985 
0.00000000099999999986 0.99999999600000000211 0.00000000099999999986 0.00000000099999999986 0.00000000099999999986 
0.00000000099999999986 0.99999999600000000211 0.00000000099999999986 0.00000000099999999986 0.00000000099999999986 
0.00000000099999999990 0.99999999600000000211 0.00000000099999999990 0.00000000099999999990 0.00000000099999999990 
0.00000000099999999987 0.99999999600000011313 0.00000000099999999987 0.00000000099999999987 0.00000000099999999987 
0.00000000099999999988 0.99999999600000011313 0.00000000099999999988 0.00000000099999999988 0.00000000099999999988 
0.00000000099999999990 0.99999999600000011313 0.00000000099999999990 0.00000000099999999990 0.00000000099999999990 
0.00000000099999999987 0.99999999600000011313 0.00000000099999999987 0.00000000099999999987 0.00000000099999999987 
0.00000000099999999992 0.99468713749381920675 0.00000000099999999992 0.00000000099999999992 0.00531285950618082085 
0.00000000099999999992 0.01286676216706142753 0.98713323483293868854 0.00000000099999999992 0.00000000099999999992 
0.00000000099999999993 0.00000000099999999993 0.99999999599999989108 0.00000000099999999993 0.00000000099999999993 
0.00000000099999999976 0.00000000099999999976 0.99999999600000000211 0.00000000099999999976 0.00000000099999999976 
0.00000000099999999992 0.00000000099999999992 0.99999999600000000211 0.00000000099999999992 0.00000000099999999992 
0.00000000099999999995 0.00000000099999999995 0.99999999599999989108 0.00000000099999999995 0.00000000099999999995 
0.00000000099999999994 0.03304469913293822669 0.96695529786706180264 0.00000000099999999994 0.00000000099999999994 
0.00000000099999999994 0.08334783375811884165 0.91665216324188103503 0.00000000099999999994 0.00000000099999999994 
0.02483164883360601538 0.02604320675023259410 0.94669503022831513750 0.00000000099999999999 0.00243011318784620064 
0.00000000099999999981 0.00000000099999999981 0.00000000099999999981 0.99999999600000000211 0.00000000099999999981 
0.00000000099999999980 0.00000000099999999980 0.00000000099999999980 0.99999999600000000211 0.00000000099999999980 
0.00000000099999999994 0.00000000099999999994 0.00000000099999999994 0.99999999600000000211 0.00000000099999999994 
0.00000000099999999988 0.04722584247820092729 0.00000000099999999988 0.95277415452179903266 0.00000000099999999988 
0.00000000099999999985 0.00000017445209932073 0.00000000099999999985 0.99999982254790065195 0.00000000099999999985 
0.00000000099999999981 0.00000000099999999981 0.00000000099999999981 0.99999999600000000211 0.00000000099999999981 
0.00000000099999999984 0.00000000099999999984 0.00000000099999999984 0.99999999599999989108 0.00000000099999999984 
0.00000000099999999992 0.00000000099999999992 0.00000000099999999992 0.99999999600000000211 0.00000000099999999992 
0.00000000099999999985 0.00000000099999999985 0.00000000099999999985 0.99999999600000000211 0.00000000099999999985 
0.99999999600000011313 0.00000000099999999969 0.00000000099999999969 0.00000000099999999969 0.00000000099999999969 
0.99999999600000000211 0.00000000099999999984 0.00000000099999999984 0.00000000099999999984 0.00000000099999999984 
0.91661936945394317799 0.00000000099999999987 0.08338062754605672644 0.00000000099999999987 0.00000000099999999987 
0.99999999600000011313 0.00000000099999999970 0.00000000099999999970 0.00000000099999999970 0.00000000099999999970 
0.99999999600000000211 0.00000000099999999971 0.00000000099999999971 0.00000000099999999971 0.00000000099999999971 
0.99999999600000000211 0.00000000099999999970 0.00000000099999999970 0.00000000099999999970 0.00000000099999999970 
0.99999999600000000211 0.00000000099999999971 0.00000000099999999971 0.00000000099999999971 0.00000000099999999971 
0.13213116609952724190 0.86786883090047262090 0.00000000099999999994 0.00000000099999999994 0.00000000099999999994 
0.14704582820263276122 0.84720714664119201043 0.00574702315617531094 0.00000000099999999995 0.00000000099999999995 
0.14518929473220157367 0.83028919914963028592 0.00000000099999999995 0.02452150411816816922 0.00000000099999999995 
0.11508898237280211496 0.88491101462719778947 0.00000000099999999994 0.00000000099999999994 0.00000000099999999994 
0.00000000099999999978 0.00000000099999999978 0.00000000099999999978 0.99999999600000000211 0.00000000099999999978 
0.00000000099999999995 0.00000000099999999995 0.01876328852039325576 0.98123670847960675623 0.00000000099999999995 
0.00000000099999999984 0.00000000099999999984 0.00000000099999999984 0.99999999600000000211 0.00000000099999999984 
0.00000000099999999987 0.00000000099999999987 0.00000000099999999987 0.99999999599999989108 0.00000000099999999987 
0.00000000099999999988 0.00000000099999999988 0.00000000099999999988 0.99999999599999989108 0.00000000099999999988 
0.00000000099999999971 0.00000000099999999971 0.00000000099999999971 0.99999999599999989108 0.00000000099999999971 
0.00000000099999999971 0.00000000099999999971 0.00000000099999999971 0.99999999600000000211 0.00000000099999999971 
0.00000000099999999989 0.00000000099999999989 0.00000000099999999989 0.99999999600000000211 0.00000000099999999989 
0.00000000099999999980 0.00000000099999999980 0.00000000099999999980 0.99999999599999989108 0.00000000099999999980 
0.00000000099999999997 0.94353156199819054883 0.05646843500180943193 0.00000000099999999997 0.00000000099999999997 
0.00000000099999999991 0.99365747409715166061 0.00000000099999999991 0.00634252290284848929 0.00000000099999999991 
0.00000000099999999988 0.99999999600000000211 0.00000000099999999988 0.00000000099999999988 0.00000000099999999988 
0.00000000099999999993 0.99196392256738075144 0.00803607443261922759 0.00000000099999999993 0.00000000099999999993 
0.00000000099999999987 0.99999999600000000211 0.00000000099999999987 0.00000000099999999987 0.00000000099999999987 
0.00000000099999999998 0.98360427395403882134 0.00085219682615491666 0.00000000099999999998 0.01554352721980632561 
0.00570265207777728451 0.90815811462807383148 0.03246410621788164974 0.01527084918548118724 0.03840427789078603577 
0.00000000099999999979 0.00000000099999999979 0.00000000099999999979 0.00000000099999999979 0.99999999599999989108 
0.00000000099999999973 0.00000000099999999973 0.00000000099999999973 0.00000000099999999973 0.99999999600000000211 
0.00000000099999999995 0.00000000099999999995 0.02915615377025930835 0.00000000099999999995 0.97084384322974059955 
0.00000000099999999986 0.00000000099999999986 0.00000000099999999986 0.00000000099999999986 0.99999999600000000211 
0.00000000099999999984 0.00000000099999999984 0.00000000099999999984 0.00000000099999999984 0.99999999600000000211 
0.00000000099999999977 0.00000000099999999977 0.99999999600000000211 0.00000000099999999977 0.00000000099999999977 
0.00673836878519787786 0.00000000099999999998 0.98493325620702365519 0.00832837300777838560 0.00000000099999999998 
0.00000000099999999984 0.00000000099999999984 0.99999999599999989108 0.00000000099999999984 0.00000000099999999984 
0.00000000099999999999 0.04991906730999399328 0.90502529687364896560 0.03709554548244997640 0.00796008933390698198 
0.00000000099999999991 0.00000000099999999991 0.99999999600000000211 0.00000000099999999991 0.00000000099999999991 
0.00000000099999999981 0.00000000099999999981 0.99999999600000000211 0.00000000099999999981 0.00000000099999999981 
0.00000000099999999971 0.00000000099999999971 0.99999999599999989108 0.00000000099999999971 0.00000000099999999971 
0.00000000099999999979 0.00000000099999999979 0.99999999599999989108 0.00000000099999999979 0.00000000099999999979 
0.00000000099999999993 0.00000000099999999993 0.99999999599999989108 0.00000000099999999993 0.00000000099999999993 
0.00000000099999999996 0.00000000099999999996 0.91426840828318034493 0.08573158871681947624 0.00000000099999999996 
0.02661774305116963377 0.00000000100000000000 0.94746237272348377001 0.01727377012342500712 0.00864611310192147861 
0.00000000099999999998 0.00000000099999999998 0.87120428115611692199 0.12727131440412611796 0.00152440243975692597 
0.00000000099999999976 0.00000000099999999976 0.99999999599999989108 0.00000000099999999976 0.00000000099999999976 
0.01334689267783990135 0.00000000099999999998 0.98562297867333614754 0.00103012664882392397 0.00000000099999999998 
0.00000000099999999981 0.00000000099999999981 0.99999999599999989108 0.00000000099999999981 0.00000000099999999981 
0.00000000099999999992 0.99999999600000000211 0.00000000099999999992 0.00000000099999999992 0.00000000099999999992 
0.00998720080472945831 0.95699380477206974493 0.03301899242320082556 0.00000000099999999997 0.00000000099999999997 
0.02763692043364580214 0.97236307656635434515 0.00000000099999999993 0.00000000099999999993 0.00000000099999999993 
0.00129133913026108346 0.98444097019169585217 0.01426768867804301295 0.00000000099999999997 0.00000000099999999997 
0.01093259269684478986 0.98906740430315531754 0.00000000099999999996 0.00000000099999999996 0.00000000099999999996 
0.00000000099999999992 0.99279154133015468098 0.00720845566984537091 0.00000000099999999992 0.00000000099999999992 
0.00000000099999999996 0.97716116017954735007 0.01062027801566570694 0.01221855980478691803 0.00000000099999999996 
0.00000000099999999998 0.99999999600000011313 0.00000000099999999998 0.00000000099999999998 0.00000000099999999998 
0.00000000099999999982 0.12327710824093676689 0.00000000099999999982 0.87672288875906312366 0.00000000099999999982 
0.00000000099999999988 0.00000000099999999988 0.00000000099999999988 0.99999999599999989108 0.00000000099999999988 
0.00000000099999999982 0.00000005673974048493 0.00000000099999999982 0.99999994026025940119 0.00000000099999999982 
0.00000000099999999980 0.04480412312059491725 0.00000000099999999980 0.95519587387940496637 0.00000000099999999980 
0.00000000099999999992 0.00000000099999999992 0.00000000099999999992 0.99999999600000000211 0.00000000099999999992 
0.00000000099999999979 0.01645783930467656711 0.00000000099999999979 0.98354215769532349345 0.00000000099999999979 
0.00000000099999999974 0.01640375195547537357 0.00000000099999999974 0.98359624504452447535 0.00000000099999999974 
0.00000000099999999992 0.00000401838932435659 0.00000007495776180356 0.99999590465291376962 0.00000000099999999992 
0.00000000099999999991 0.98701900523869279258 0.01298099176130722981 0.00000000099999999991 0.00000000099999999991 
0.00000000099999999987 0.99999999600000000211 0.00000000099999999987 0.00000000099999999987 0.00000000099999999987 
0.00000000099999999993 0.99999951797799147002 0.00000000099999999993 0.00000047902200846286 0.00000000099999999993 
0.00000000099999999991 0.99999999600000011313 0.00000000099999999991 0.00000000099999999991 0.00000000099999999991 
0.00000000099999999997 0.97740696816127992097 0.02259302883872017081 0.00000000099999999997 0.00000000099999999997 
0.00000000099999999984 0.99999999600000000211 0.00000000099999999984 0.00000000099999999984 0.00000000099999999984 
0.00000000099999999992 0.99999999600000000211 0.00000000099999999992 0.00000000099999999992 0.00000000099999999992 
0.00000000099999999992 0.99999999600000011313 0.00000000099999999992 0.00000000099999999992 0.00000000099999999992 
0.00000000099999999993 0.00000000099999999993 0.23616558889335567684 0.76383440810664438025 0.00000000099999999993 
0.00000000099999999993 0.00000000099999999993 0.31579577242099865497 0.68420422457900131885 0.00000000099999999993 
0.00000000099999999992 0.00000000099999999992 0.21691312160311906898 0.78308687539688082158 0.00000000099999999992 
0.00000000099999999993 0.00000000099999999993 0.12680750821353728441 0.87319248878646260614 0.00000000099999999993 
0.00000000099999999995 0.00000000099999999995 0.08941868261605527557 0.91058131438394473989 0.00000000099999999995 
0.00000000099999999992 0.00000000099999999992 0.21128335806823742016 0.78871663893176258142 0.00000000099999999992 
0.00000000099999999993 0.00000000099999999993 0.23472499269069557748 0.76527500430930450737 0.00000000099999999993 
0.00000000099999999994 0.00000000099999999994 0.30593964154509034614 0.69406035545490962768 0.00000000099999999994 
0.00000000099999999998 0.03627318414317867029 0.00000000099999999998 0.92673222696725043868 0.03699458688957082964 
0.00000000099999999995 0.09836311353787227652 0.00000000099999999995 0.86516688285946041770 0.03647000160266733459 
0.00000000099999999997 0.00755598238550496924 0.00000000099999999997 0.98604278365335373824 0.00640123196114113484 
0.00000000099999999995 0.03249971691964501086 0.00000000099999999995 0.94414038444198167266 0.02335989663837326202 
0.04981615346580645781 0.10267019711186035902 0.00758527665338767660 0.83992837176894552531 0.00000000099999999999 
0.00241372890770481666 0.10337311418227665416 0.00000000099999999997 0.89421315491001851505 0.00000000099999999997 
0.00000000099999999996 0.10980917071245191452 0.00000000099999999996 0.89019082628754808706 0.00000000099999999996 
0.00000000099999999989 0.16233700082371682605 0.00000000099999999989 0.83766299617628314778 0.00000000099999999989 
0.00000000099999999991 0.99999999600000000211 0.00000000099999999991 0.00000000099999999991 0.00000000099999999991 
0.00711243506732423588 0.98616300341746443436 0.00672455951521134555 0.00000000099999999998 0.00000000099999999998 
0.07783157350065393609 0.87484438701599898103 0.00000000099999999997 0.00000000099999999997 0.04732403748334699373 
0.00000000099999999992 0.99999999600000011313 0.00000000099999999992 0.00000000099999999992 0.00000000099999999992 
0.00000000099999999990 0.99999999600000011313 0.00000000099999999990 0.00000000099999999990 0.00000000099999999990 
0.00000000099999999989 0.99999999600000000211 0.00000000099999999989 0.00000000099999999989 0.00000000099999999989 
0.00000000099999999981 0.99999999600000000211 0.00000000099999999981 0.00000000099999999981 0.00000000099999999981 
0.01797141824357868095 0.97883544232890273840 0.00000000099999999997 0.00319313742751860556 0.00000000099999999997 
0.00000000099999999979 0.93127334678962714332 0.00000000099999999979 0.06872665021037292765 0.00000000099999999979 
0.00000000099999999987 0.92644459040187865373 0.00000000099999999987 0.07355540659812125071 0.00000000099999999987 
0.01167016240314172788 0.88695686324215439189 0.00000000099999999994 0.10137297235470384138 0.00000000099999999994 
0.00000000099999999985 0.99999999600000011313 0.00000000099999999985 0.00000000099999999985 0.00000000099999999985 
0.00000000099999999987 0.89603271098179482212 0.00000000099999999987 0.10396728601820523497 0.00000000099999999987 
0.00000000099999999995 0.40874137655870773633 0.00000000099999999995 0.59125862044129218198 0.00000000099999999995 
0.00000000099999999996 0.34911105899912264761 0.00000000099999999996 0.65088893800087710417 0.00000000099999999996 
0.00000000099999999997 0.62321623520516467032 0.00000000099999999997 0.37678376179483541453 0.00000000099999999997 
0.00000000099999999998 0.05797404067809176081 0.00000000099999999998 0.94202595632190810893 0.00000000099999999998 
0.00000000647229733056 0.42750263645284675151 0.00000000099999999997 0.57249735507485588482 0.00000000099999999997 
0.00000000099999999995 0.96779211349052896018 0.03220788350947112466 0.00000000099999999995 0.00000000099999999995 
0.00000000099999999996 0.98325224264715949118 0.01674775435284064917 0.00000000099999999996 0.00000000099999999996 
0.00000000099999999987 0.99999999600000000211 0.00000000099999999987 0.00000000099999999987 0.00000000099999999987 
0.00000000099999999988 0.99999999600000011313 0.00000000099999999988 0.00000000099999999988 0.00000000099999999988 
0.00000000099999999990 0.99999999600000000211 0.00000000099999999990 0.00000000099999999990 0.00000000099999999990 
0.00000000099999999992 0.99999999600000000211 0.00000000099999999992 0.00000000099999999992 0.00000000099999999992 
0.00000000099999999991 0.99999999600000000211 0.00000000099999999991 0.00000000099999999991 0.00000000099999999991 
0.00000000099999999997 0.98481993626121278051 0.00000000099999999997 0.00000000099999999997 0.01518006073878739974 
0.00000000099999999998 0.00000000099999999998 0.98396064255759263517 0.00000000099999999998 0.01603935444240728661 
0.00000000099999999986 0.00000000099999999986 0.99999999599999989108 0.00000000099999999986 0.00000000099999999986 
0.01334077474469527735 0.00000000099999999992 0.98665922225530477974 0.00000000099999999992 0.00000000099999999992 
0.00000000099999999992 0.04843159008196408488 0.95156840691803590282 0.00000000099999999992 0.00000000099999999992 
0.01349041281034913005 0.00021067222806791952 0.98629891296158300751 0.00000000099999999999 0.00000000099999999999 
0.00000000099999999998 0.01539660609623554922 0.96740992455581387155 0.00000000099999999998 0.01719346734795055773 
0.00000000099999999976 0.00000000099999999976 0.99999999599999989108 0.00000000099999999976 0.00000000099999999976 
0.00000000099999999976 0.00000000099999999976 0.99999999600000000211 0.00000000099999999976 0.00000000099999999976 
0.00000000099999999962 0.00000000099999999962 0.99999999600000000211 0.00000000099999999962 0.00000000099999999962 
0.00000000099999999962 0.00000000099999999962 0.99999999599999989108 0.00000000099999999962 0.00000000099999999962 
0.00000000099999999974 0.00000000099999999974 0.99999999600000000211 0.00000000099999999974 0.00000000099999999974 
0.00000000099999999968 0.00000000099999999968 0.99999999600000000211 0.00000000099999999968 0.00000000099999999968 
0.00000000099999999965 0.00000000099999999965 0.99999999599999989108 0.00000000099999999965 0.00000000099999999965 
0.00000000099999999974 0.00000000099999999974 0.99999999599999989108 0.00000000099999999974 0.00000000099999999974 
0.00000000099999999969 0.00000000099999999969 0.99999999599999989108 0.00000000099999999969 0.00000000099999999969 
0.00000000099999999972 0.00000000099999999972 0.99999999600000000211 0.00000000099999999972 0.00000000099999999972 
0.00000000099999999998 0.01133568806352553728 0.96717543779713066598 0.00000000099999999998 0.02148887213934382034 
0.00000000099999999995 0.00000000099999999995 0.97851309936202202078 0.02148689763797798080 0.00000000099999999995 
0.01175987471403143990 0.01590019166397223932 0.95001110973723590369 0.00000000099999999999 0.02232882288476046792 
0.00000000099999999997 0.06235602485350788537 0.91576404949139955658 0.02187992365509239603 0.00000000099999999997 
0.01958231287802490728 0.00000091986702994944 0.98041676525494514394 0.00000000099999999998 0.00000000099999999998 
0.00000000099999999988 0.00000000099999999988 0.99999999600000000211 0.00000000099999999988 0.00000000099999999988 
0.02179261217562303635 0.00217119389930875385 0.97603619192506829716 0.00000000099999999998 0.00000000099999999998 
0.00000000099999999986 0.00000000099999999986 0.99999999599999989108 0.00000000099999999986 0.00000000099999999986 
0.02118702978284821292 0.00000000099999999993 0.00000000099999999993 0.97881296721715183029 0.00000000099999999993 
0.02077627703214104601 0.00000000099999999996 0.00000000099999999996 0.97922371996785895210 0.00000000099999999996 
0.01287932922601770988 0.00000000099999999996 0.00000000099999999996 0.98712066777398221884 0.00000000099999999996 
0.00368583508730459860 0.00000000099999999991 0.00000000099999999991 0.99631416191269550620 0.00000000099999999991 
0.04376229148379608830 0.00000000099999999990 0.00000000099999999990 0.95623770551620401736 0.00000000099999999990 
0.00000000099999999995 0.00000000099999999995 0.00000000099999999995 0.99999999599999989108 0.00000000099999999995 
0.00000000099999999985 0.00000000099999999985 0.00000000099999999985 0.99999999600000000211 0.00000000099999999985 
0.02767461964903383115 0.00000000099999999994 0.00000000099999999994 0.97232537735096613574 0.00000000099999999994 
0.02454613468175166277 0.01554773338087975763 0.01861561464159839155 0.94129051629577009663 0.00000000100000000000 
0.00000000099999999977 0.00000000099999999977 0.99999999600000000211 0.00000000099999999977 0.00000000099999999977 
0.00000000099999999995 0.00000000099999999995 0.99999999599999989108 0.00000000099999999995 0.00000000099999999995 
0.00000000099999999998 0.11161734259079970910 0.86444976843299914382 0.00000000099999999998 0.02393288697620125569 
0.00000000099999999970 0.00000000099999999970 0.99999999600000000211 0.00000000099999999970 0.00000000099999999970 
0.00000000099999999967 0.00000000099999999967 0.99999999600000000211 0.00000000099999999967 0.00000000099999999967 
0.00000000099999999974 0.00000000099999999974 0.99999999599999989108 0.00000000099999999974 0.00000000099999999974 
0.00000000099999999973 0.00000000099999999973 0.99999999600000000211 0.00000000099999999973 0.00000000099999999973 
0.00000000099999999981 0.00000000099999999981 0.99999999599999989108 0.00000000099999999981 0.00000000099999999981 
0.00000000099999999970 0.00000000099999999970 0.00000000099999999970 0.00000000099999999970 0.99999999599999989108 
0.00000000099999999966 0.00000000099999999966 0.00000000099999999966 0.00000000099999999966 0.99999999599999989108 
0.00000000099999999975 0.00000000099999999975 0.00000000099999999975 0.00000000099999999975 0.99999999600000000211 
0.00000000099999999962 0.00000000099999999962 0.00000000099999999962 0.00000000099999999962 0.99999999600000000211 
0.00000000099999999970 0.00000000099999999970 0.00000000099999999970 0.00000000099999999970 0.99999999600000000211 
0.00000000099999999963 0.00000000099999999963 0.00000000099999999963 0.00000000099999999963 0.99999999599999989108 
0.00000000099999999971 0.00000000099999999971 0.00000000099999999971 0.00000000099999999971 0.99999999600000000211 
0.00000000099999999961 0.00000000099999999961 0.00000000099999999961 0.00000000099999999961 0.99999999599999989108 
0.00000000099999999990 0.00000000099999999990 0.99999999600000000211 0.00000000099999999990 0.00000000099999999990 
0.00000000099999999996 0.00000000099999999996 0.86164529177641080437 0.13709280490709971345 0.00126190131648948561 
0.00000000099999999979 0.00000000099999999979 0.99999999600000000211 0.00000000099999999979 0.00000000099999999979 
0.00628333845679417396 0.00000000099999999995 0.99371665854320578859 0.00000000099999999995 0.00000000099999999995 
0.00000000099999999997 0.00000000099999999997 0.95018576904567653152 0.04981422795432345618 0.00000000099999999997 
0.00000000099999999990 0.00000000099999999990 0.99999999600000000211 0.00000000099999999990 0.00000000099999999990 
0.00000000099999999996 0.00000000099999999996 0.94794708972801322577 0.05205290727198670642 0.00000000099999999996 
0.00000000099999999988 0.00000000099999999988 0.99999999599999989108 0.00000000099999999988 0.00000000099999999988 
0.00000000099999999999 0.00000000099999999999 0.99394141466647212280 0.00605858233352771832 0.00000000099999999999 
0.00000000099999999972 0.00000000099999999972 0.99999999599999989108 0.00000000099999999972 0.00000000099999999972 
0.00000000099999999974 0.00000000099999999974 0.99999999600000000211 0.00000000099999999974 0.00000000099999999974 
0.00000000099999999985 0.00000000099999999985 0.99999999599999989108 0.00000000099999999985 0.00000000099999999985 
0.00000000099999999969 0.00000000099999999969 0.99999999600000000211 0.00000000099999999969 0.00000000099999999969 
0.00000000099999999977 0.00000000099999999977 0.99999999600000000211 0.00000000099999999977 0.00000000099999999977 
0.00000000099999999974 0.00000000099999999974 0.99999999600000000211 0.00000000099999999974 0.00000000099999999974 
0.00000000099999999973 0.00000000099999999973 0.99999999600000000211 0.00000000099999999973 0.00000000099999999973 
0.00000000099999999973 0.00000000099999999973 0.99999999600000000211 0.00000000099999999973 0.00000000099999999973 
0.00000000099999999970 0.00000000099999999970 0.99999999599999989108 0.00000000099999999970 0.00000000099999999970 
0.00000000099999999966 0.00000000099999999966 0.99999999600000000211 0.00000000099999999966 0.00000000099999999966 
0.00000000099999999961 0.00000000099999999961 0.99999999600000000211 0.00000000099999999961 0.00000000099999999961 
0.00000000099999999989 0.00000000099999999989 0.99999999600000000211 0.00000000099999999989 0.00000000099999999989 
0.00000000099999999965 0.00000000099999999965 0.99999999599999989108 0.00000000099999999965 0.00000000099999999965 
0.00000000099999999988 0.00000000099999999988 0.99999999599999989108 0.00000000099999999988 0.00000000099999999988 
0.02556341770850632800 0.90217480987071840826 0.00000000099999999999 0.03496345350479507230 0.03729831791598013646 
0.00591293658835635814 0.97018181397779101882 0.00000000099999999998 0.00000000099999999998 0.02390524743385257292 
0.04438778557935500052 0.95561221142064511902 0.00000000099999999996 0.00000000099999999996 0.00000000099999999996 
0.01510590148148753357 0.93786964522793825338 0.00000000100000000000 0.02510912757549086521 0.02191532471508333621 
0.03876170123947291629 0.92431532935953353292 0.00000000099999999998 0.01862404800318228151 0.01829892039781125246 
0.03494685934772398528 0.91390965602732388007 0.01204606343253368170 0.00000000100000000000 0.03909742019241837369 
0.03218925562353776998 0.92551800044358079056 0.00000000099999999999 0.04229274193288135725 0.00000000099999999999 
0.00000000099999999993 0.02170955915134413841 0.00000000099999999993 0.97829043784865576949 0.00000000099999999993 
