0.00000000099999999993 0.00000000099999999993 0.10647340402045599173 0.13293158246994737914 0.00000000099999999993 0.00000000099999999993 0.00000000099999999993 0.68361633589124637389 0.07697867261835016073 
0.00000000099999999968 0.00000000099999999968 0.60393709026423769703 0.00000000099999999968 0.00000000099999999968 0.00000000099999999968 0.00000000099999999968 0.39606290273576233441 0.00000000099999999968 
0.00000000099999999990 0.00000000099999999990 0.85874643692559871067 0.00000000099999999990 0.00000000099999999990 0.00000000099999999990 0.00000000099999999990 0.14125355607440143180 0.00000000099999999990 
0.00000000099999999989 0.00000000099999999989 0.78197728461955462453 0.00000000099999999989 0.00000000099999999989 0.00000000099999999989 0.00000000099999999989 0.21802270838044546242 0.00000000099999999989 
0.00000000099999999976 0.00000000099999999976 0.63282349749251698423 0.00000000099999999976 0.00000000099999999976 0.00000000099999999976 0.00000000099999999976 0.36717649550748299170 0.00000000099999999976 
0.00000000099999999976 0.00000000099999999976 0.00000000099999999976 0.99999999200000011523 0.00000000099999999976 0.00000000099999999976 0.00000000099999999976 0.00000000099999999976 0.00000000099999999976 
0.00000000099999999983 0.00000000099999999983 0.00000000099999999983 0.73668652273511159301 0.00000000099999999983 0.00000000099999999983 0.00000000099999999983 0.26331347026488838292 0.00000000099999999983 
0.00000000099999999945 0.00000000099999999945 0.00000000099999999945 0.99999999200000011523 0.00000000099999999945 0.00000000099999999945 0.00000000099999999945 0.00000000099999999945 0.00000000099999999945 
0.00000000099999999955 0.00000000099999999955 0.00000000099999999955 0.00000000099999999955 0.00000000099999999955 0.00000000099999999955 0.00000000099999999955 0.99999999200000000421 0.00000000099999999955 
0.00000000099999999974 0.00000000099999999974 0.00000000099999999974 0.00000000099999999974 0.00000000099999999974 0.00000000099999999974 0.00000000099999999974 0.99999999199999989319 0.00000000099999999974 
0.00000000099999999954 0.00000000099999999954 0.00000000099999999954 0.00000000099999999954 0.00000000099999999954 0.00000000099999999954 0.00000000099999999954 0.99999999200000000421 0.00000000099999999954 
0.00000000099999999958 0.00000000099999999958 0.00000000099999999958 0.00000000099999999958 0.00000000099999999958 0.00000000099999999958 0.00000000099999999958 0.97315916862182005875 0.02684082437817983391 
0.00000000099999999972 0.00000000099999999972 0.00000000099999999972 0.00000000099999999972 0.00000000099999999972 0.00000000099999999972 0.00000000099999999972 0.99999999200000000421 0.00000000099999999972 
0.00000000099999999974 0.00000000099999999974 0.00000000099999999974 0.00000000099999999974 0.00000000099999999974 0.00000000099999999974 0.00000000099999999974 0.95799982939737138299 0.04200016360262862763 
0.00000000099999999985 0.03015057220704171412 0.00000000099999999985 0.00000000099999999985 0.00000000099999999985 0.00000000099999999985 0.00000000099999999985 0.85893628866364712948 0.11091313312931108670 
0.00000000099999999977 0.05157069119509224281 0.00000000099999999977 0.00000000099999999977 0.00000000099999999977 0.00000000099999999977 0.00000000099999999977 0.76514849397203044123 0.18328080883287728442 
0.00000000099999999951 0.16785757752125995967 0.00000000099999999951 0.00000000099999999951 0.00000000099999999951 0.00000000099999999951 0.83214241547874001625 0.00000000099999999951 0.00000000099999999951 
0.00000000099999999958 0.17197075705509365373 0.00000000099999999958 0.00000000099999999958 0.00000000099999999958 0.00000000099999999958 0.82802923594490640546 0.00000000099999999958 0.00000000099999999958 
0.00000000099999999947 0.21515802312601564616 0.00000000099999999947 0.00000000099999999947 0.00000000099999999947 0.00000000099999999947 0.78484196987398435752 0.00000000099999999947 0.00000000099999999947 
0.00000000099999999951 0.20539361702319194891 0.00000000099999999951 0.00000000099999999951 0.00000000099999999951 0.00000000099999999951 0.79460637597680805477 0.00000000099999999951 0.00000000099999999951 
0.00000000099999999951 0.20768283058836262134 0.00000000099999999951 0.00000000099999999951 0.00000000099999999951 0.00000000099999999951 0.79231716241163729908 0.00000000099999999951 0.00000000099999999951 
0.00000000099999999984 0.23754926762106409743 0.00000000099999999984 0.00000000099999999984 0.00000000099999999984 0.00000000099999999984 0.76245072537893587850 0.00000000099999999984 0.00000000099999999984 
0.00000000099999999943 0.22108566641454299728 0.00000000099999999943 0.00000000099999999943 0.00000000099999999943 0.00000000099999999943 0.77891432658545700640 0.00000000099999999943 0.00000000099999999943 
0.00000000099999999955 0.21021960518351265335 0.00000000099999999955 0.00000000099999999955 0.00000000099999999955 0.00000000099999999955 0.78978038781648740585 0.00000000099999999955 0.00000000099999999955 
0.99999999200000022626 0.00000000099999999954 0.00000000099999999954 0.00000000099999999954 0.00000000099999999954 0.00000000099999999954 0.00000000099999999954 0.00000000099999999954 0.00000000099999999954 
0.92506504885667995008 0.00000000099999999976 0.00000000099999999976 0.00000000099999999976 0.07493494414332010911 0.00000000099999999976 0.00000000099999999976 0.00000000099999999976 0.00000000099999999976 
0.99999999200000022626 0.00000000099999999941 0.00000000099999999941 0.00000000099999999941 0.00000000099999999941 0.00000000099999999941 0.00000000099999999941 0.00000000099999999941 0.00000000099999999941 
0.99999999200000022626 0.00000000099999999953 0.00000000099999999953 0.00000000099999999953 0.00000000099999999953 0.00000000099999999953 0.00000000099999999953 0.00000000099999999953 0.00000000099999999953 
0.99999999200000011523 0.00000000099999999943 0.00000000099999999943 0.00000000099999999943 0.00000000099999999943 0.00000000099999999943 0.00000000099999999943 0.00000000099999999943 0.00000000099999999943 
0.99999999200000011523 0.00000000099999999977 0.00000000099999999977 0.00000000099999999977 0.00000000099999999977 0.00000000099999999977 0.00000000099999999977 0.00000000099999999977 0.00000000099999999977 
0.99999999200000011523 0.00000000099999999949 0.00000000099999999949 0.00000000099999999949 0.00000000099999999949 0.00000000099999999949 0.00000000099999999949 0.00000000099999999949 0.00000000099999999949 
0.99999999200000011523 0.00000000099999999945 0.00000000099999999945 0.00000000099999999945 0.00000000099999999945 0.00000000099999999945 0.00000000099999999945 0.00000000099999999945 0.00000000099999999945 
0.02471299928478046248 0.00000000099999999992 0.00000000099999999992 0.00000000099999999992 0.00000000099999999992 0.00953699850741619032 0.00000000099999999992 0.96574999620780332954 0.00000000099999999992 
0.00000000099999999975 0.00000000099999999975 0.00000000099999999975 0.00000000099999999975 0.00000000099999999975 0.00000000099999999975 0.00000000099999999975 0.99999999199999989319 0.00000000099999999975 
0.00000000099999999979 0.00000000099999999979 0.00000000099999999979 0.00000000099999999979 0.00000000099999999979 0.00000000099999999979 0.00000000099999999979 0.99999999199999989319 0.00000000099999999979 
0.00000000099999999929 0.99999999200000011523 0.00000000099999999929 0.00000000099999999929 0.00000000099999999929 0.00000000099999999929 0.00000000099999999929 0.00000000099999999929 0.00000000099999999929 
0.00000000099999999939 0.99999999200000022626 0.00000000099999999939 0.00000000099999999939 0.00000000099999999939 0.00000000099999999939 0.00000000099999999939 0.00000000099999999939 0.00000000099999999939 
0.02314888283144959924 0.94738003196109887849 0.00000000099999999986 0.00000000099999999986 0.00000000099999999986 0.00000000099999999986 0.02947107920745168502 0.00000000099999999986 0.00000000099999999986 
0.00000000099999999994 0.93274218767251548812 0.00000000099999999994 0.00702119573068042940 0.00000000099999999994 0.00000000099999999994 0.00000000099999999994 0.06023661059680406049 0.00000000099999999994 
0.00000000099999999954 0.99999999200000011523 0.00000000099999999954 0.00000000099999999954 0.00000000099999999954 0.00000000099999999954 0.00000000099999999954 0.00000000099999999954 0.00000000099999999954 
0.00000000099999999945 0.99999999200000022626 0.00000000099999999945 0.00000000099999999945 0.00000000099999999945 0.00000000099999999945 0.00000000099999999945 0.00000000099999999945 0.00000000099999999945 
0.00000000099999999949 0.00000000099999999949 0.00000000099999999949 0.00000000099999999949 0.00000000099999999949 0.00000000099999999949 0.00000000099999999949 0.99999999200000000421 0.00000000099999999949 
0.00000000099999999988 0.00000000099999999988 0.00000000099999999988 0.00000000099999999988 0.00000000099999999988 0.00000000099999999988 0.00000000099999999988 0.99999999200000000421 0.00000000099999999988 
0.00000000099999999947 0.00000000099999999947 0.00000000099999999947 0.00000000099999999947 0.00000000099999999947 0.00000000099999999947 0.00000000099999999947 0.99999999200000000421 0.00000000099999999947 
0.00000000099999999935 0.00000000099999999935 0.00000000099999999935 0.00000000099999999935 0.00000000099999999935 0.00000000099999999935 0.00000000099999999935 0.99999999199999989319 0.00000000099999999935 
0.00000000099999999946 0.00000000099999999946 0.00000000099999999946 0.00000000099999999946 0.00000000099999999946 0.00000000099999999946 0.00000000099999999946 0.99999999199999989319 0.00000000099999999946 
0.00000000099999999938 0.00000000099999999938 0.00000000099999999938 0.00000000099999999938 0.00000000099999999938 0.00000000099999999938 0.00000000099999999938 0.99999999200000000421 0.00000000099999999938 
0.00000000099999999942 0.00000000099999999942 0.00000000099999999942 0.00000000099999999942 0.00000000099999999942 0.00000000099999999942 0.00000000099999999942 0.99999999199999989319 0.00000000099999999942 
0.00000000099999999938 0.00000000099999999938 0.00000000099999999938 0.00000000099999999938 0.00000000099999999938 0.00000000099999999938 0.00000000099999999938 0.98322151861254170058 0.01677847438745831352 
0.00000000099999999941 0.00000000099999999941 0.00000000099999999941 0.00000000099999999941 0.99999999200000011523 0.00000000099999999941 0.00000000099999999941 0.00000000099999999941 0.00000000099999999941 
0.00000000099999999987 0.00000000099999999987 0.00000000099999999987 0.00000000099999999987 0.98043602445642608068 0.01956396854357400281 0.00000000099999999987 0.00000000099999999987 0.00000000099999999987 
0.00000000099999999942 0.00000000099999999942 0.00000000099999999942 0.00000000099999999942 0.99999999200000000421 0.00000000099999999942 0.00000000099999999942 0.00000000099999999942 0.00000000099999999942 
0.00000000099999999957 0.00000000099999999957 0.00000000099999999957 0.00000000099999999957 0.99999999200000000421 0.00000000099999999957 0.00000000099999999957 0.00000000099999999957 0.00000000099999999957 
0.00000000099999999947 0.00000000099999999947 0.00000000099999999947 0.00000000099999999947 0.99999999200000011523 0.00000000099999999947 0.00000000099999999947 0.00000000099999999947 0.00000000099999999947 
0.00000000099999999987 0.00000000099999999987 0.00000000099999999987 0.00000000099999999987 0.99999999200000011523 0.00000000099999999987 0.00000000099999999987 0.00000000099999999987 0.00000000099999999987 
0.00000000099999999978 0.00000000099999999978 0.00000000099999999978 0.00000000099999999978 0.99999999200000011523 0.00000000099999999978 0.00000000099999999978 0.00000000099999999978 0.00000000099999999978 
0.00000000099999999986 0.00000000099999999986 0.00000000099999999986 0.00000000099999999986 0.99999999200000011523 0.00000000099999999986 0.00000000099999999986 0.00000000099999999986 0.00000000099999999986 
0.00000000099999999981 0.00000000099999999981 0.00000000099999999981 0.00000000099999999981 0.00000000099999999981 0.00000000099999999981 0.00000000099999999981 0.99999999200000000421 0.00000000099999999981 
0.00000000099999999988 0.02220661380873910351 0.09386012738015447887 0.00000000099999999988 0.00489612297287155256 0.00000000099999999988 0.00000000099999999988 0.87903713083823475927 0.00000000099999999988 
0.00000000099999999989 0.00000000099999999989 0.03640700889428844650 0.00000000099999999989 0.00000000099999999989 0.00000000099999999989 0.00000000099999999989 0.96359298410571159188 0.00000000099999999989 
0.00000000099999999990 0.00894015396226980827 0.01305005053960924151 0.00000000099999999990 0.00000000099999999990 0.00000000099999999990 0.00000000099999999990 0.97800978949812100716 0.00000000099999999990 
0.00000000099999999990 0.00000000099999999990 0.00000000099999999990 0.00000000099999999990 0.00628954760988440810 0.00000000099999999990 0.00000000099999999990 0.99371044539011565977 0.00000000099999999990 
0.00000000099999999988 0.00749172418206191237 0.00000000099999999988 0.00000000099999999988 0.00000000099999999988 0.00000000099999999988 0.00000000099999999988 0.99250826881793807743 0.00000000099999999988 
0.00000000099999999976 0.00000000099999999976 0.00000000099999999976 0.00000000099999999976 0.00000000099999999976 0.00000000099999999976 0.00000000099999999976 0.99999999200000000421 0.00000000099999999976 
0.00000000099999999990 0.00000000099999999990 0.02454249613731595767 0.00000000099999999990 0.00000001073543549335 0.00000000099999999990 0.00000000099999999990 0.97545748712724844598 0.00000000099999999990 
0.00000000099999999986 0.00000000099999999986 0.29317391943793319475 0.00000000099999999986 0.00000000099999999986 0.00000000099999999986 0.00000000099999999986 0.70682607356206672566 0.00000000099999999986 
0.00000000099999999968 0.00000000099999999968 0.31724414005046575049 0.00000000099999999968 0.00000000099999999968 0.00000000099999999968 0.00000000099999999968 0.68275585294953400339 0.00000000099999999968 
0.00000000099999999963 0.00000000099999999963 0.40896232589363545884 0.00000000099999999963 0.00000000099999999963 0.00000000099999999963 0.00000000099999999963 0.59103766710636440607 0.00000000099999999963 
0.00000000099999999993 0.00000000099999999993 0.36302684717421002114 0.00000000099999999993 0.00000000099999999993 0.00000000099999999993 0.00000000099999999993 0.63697314582578989928 0.00000000099999999993 
0.00000000099999999996 0.00000000099999999996 0.31498464263017328379 0.00000000099999999996 0.01302625462604538147 0.00694607386377989709 0.00000000099999999996 0.54257046706169698158 0.12247255781830455879 
0.04858646507789207009 0.00000000099999999996 0.25640106573278959035 0.00000000099999999996 0.00000000099999999996 0.02347607865306976932 0.00000000099999999996 0.53654307183570904005 0.13499331470053943516 
0.00000000099999999980 0.00000000099999999980 0.40819923389801693325 0.00000000099999999980 0.00000000099999999980 0.00000000099999999980 0.00000000099999999980 0.44031531792975264761 0.15148544217223022801 
0.00000000099999999982 0.00000000099999999982 0.27846758661748316488 0.00000000099999999982 0.00000000099999999982 0.00000000099999999982 0.00000000099999999982 0.53647086510648667179 0.18506154227603002771 
0.00000000099999999969 0.00000000099999999969 0.29444195038005122056 0.00000000099999999969 0.00000000099999999969 0.00000000099999999969 0.00000000099999999969 0.70555804261994869986 0.00000000099999999969 
0.02346218812549177857 0.00000000099999999978 0.13940799592374999993 0.00000000099999999978 0.00000000099999999978 0.00000000099999999978 0.00000000099999999978 0.66123420329735549394 0.17589560765340261916 
0.00000000099999999970 0.00000000099999999970 0.18021404890290274037 0.00000000099999999970 0.00000000099999999970 0.00000000099999999970 0.00000000099999999970 0.67778455776230905894 0.14200138733478817610 
0.00000000099999999963 0.00000000099999999963 0.15947993073916810758 0.00000000099999999963 0.00000000099999999963 0.00000000099999999963 0.00000000099999999963 0.66449388460316993754 0.17602617865766195804 
0.00000000099999999981 0.00000000099999999981 0.14099658363653749804 0.00000000099999999981 0.00000000099999999981 0.00000000099999999981 0.00000000099999999981 0.85900340936346242238 0.00000000099999999981 
0.00000000099999999973 0.00000000099999999973 0.30901865760625463198 0.00000000099999999973 0.00000000099999999973 0.00000000099999999973 0.00000000099999999973 0.69098133539374517742 0.00000000099999999973 
0.00000000099999999970 0.00000000099999999970 0.25332530240844758351 0.00000000099999999970 0.00000000099999999970 0.00000000099999999970 0.00000000099999999970 0.74667469059155233690 0.00000000099999999970 
0.01394735332514795284 0.00000000099999999987 0.36580237757413103239 0.00000000099999999987 0.00000000099999999987 0.00000000099999999987 0.00000000099999999987 0.45221208831558851182 0.16803817578513230435 
0.00000000099999999985 0.01310340445466040733 0.00000000099999999985 0.00000000099999999985 0.97586665068181799310 0.00000000099999999985 0.01102993886352168773 0.00000000099999999985 0.00000000099999999985 
0.00000000099999999972 0.10589372829353441152 0.00000000099999999972 0.00000000099999999972 0.89410626470646570318 0.00000000099999999972 0.00000000099999999972 0.00000000099999999972 0.00000000099999999972 
0.00000000099999999982 0.16839546597601057210 0.00000000099999999982 0.00000000099999999982 0.83160452702398934832 0.00000000099999999982 0.00000000099999999982 0.00000000099999999982 0.00000000099999999982 
0.00000000099999999985 0.00188226218529529083 0.00000000099999999985 0.00000000099999999985 0.99811773081470478441 0.00000000099999999985 0.00000000099999999985 0.00000000099999999985 0.00000000099999999985 
0.00000000099999999988 0.08044202672314164360 0.00000000099999999988 0.00000000099999999988 0.91955796627685848499 0.00000000099999999988 0.00000000099999999988 0.00000000099999999988 0.00000000099999999988 
0.00000000099999999991 0.00010634788726845280 0.00000000099999999991 0.00000000099999999991 0.97350915197328169448 0.00000000099999999991 0.00000000099999999991 0.02638449413944997726 0.00000000099999999991 
0.00000000099999999993 0.00000000099999999993 0.00000000099999999993 0.00000000099999999993 0.99999999200000011523 0.00000000099999999993 0.00000000099999999993 0.00000000099999999993 0.00000000099999999993 
0.00000000099999999960 0.04902331259867938329 0.00000000099999999960 0.00000000099999999960 0.95097668040132055101 0.00000000099999999960 0.00000000099999999960 0.00000000099999999960 0.00000000099999999960 
0.00000000099999999963 0.00000000099999999963 0.04014724780099666185 0.00000000099999999963 0.00000000099999999963 0.00000000099999999963 0.00000000099999999963 0.95985274519900332102 0.00000000099999999963 
0.07925445004468338606 0.00000000099999999993 0.04736401776003060227 0.00000000099999999993 0.00000000099999999993 0.00000000099999999993 0.00000000099999999993 0.77205322299942658049 0.10132830419585935056 
0.00000000099999999993 0.00000064726603296095 0.09750501144015856492 0.00000000099999999993 0.00000000099999999993 0.00000000099999999993 0.01274425184955403634 0.88975008444425440768 0.00000000099999999993 
0.00000000099999999990 0.00000000099999999990 0.13098525257719270676 0.00000000099999999990 0.00127193364023302159 0.00000000099999999990 0.00000000099999999990 0.86774280778257428803 0.00000000099999999990 
0.00000000099999999977 0.00000000099999999977 0.07122239226113671884 0.00000000099999999977 0.00000000099999999977 0.00000000099999999977 0.00000000099999999977 0.92877760073886317382 0.00000000099999999977 
0.00000000099999999951 0.00000000099999999951 0.00000000099999999951 0.00000000099999999951 0.00000000099999999951 0.00000000099999999951 0.00000000099999999951 0.99999999199999989319 0.00000000099999999951 
0.00000000099999999984 0.00644734198457227060 0.06587099440860566535 0.00000000099999999984 0.00000000099999999984 0.00000000099999999984 0.00000000099999999984 0.92364683985961670842 0.00403481874720536780 
0.00000000099999999945 0.00000000099999999945 0.12113117707147995350 0.00000000099999999945 0.00000000099999999945 0.00000000099999999945 0.00000000099999999945 0.87093507173380424469 0.00793374519471578936 
0.00000000099999999959 0.00000000099999999959 0.12491116386470890731 0.00000000099999999959 0.00000000099999999959 0.00000000099999999959 0.00000000099999999959 0.00000000099999999959 0.87508882913529117964 
0.00000000099999999983 0.00000000099999999983 0.08496232800742029023 0.00000000099999999983 0.00000000099999999983 0.00000000099999999983 0.00000000099999999983 0.10802565598111246725 0.80701201001146727343 
0.00000000099999999984 0.00000000099999999984 0.15100152450861759057 0.00000000099999999984 0.00000000099999999984 0.00000000099999999984 0.00000000099999999984 0.02177086988453391311 0.82722759960684855152 
0.00000000099999999952 0.00000000099999999952 0.18159732258758201628 0.00000000099999999952 0.00000000099999999952 0.00000000099999999952 0.00000000099999999952 0.00000000099999999952 0.81840267041241798740 
0.00000000099999999946 0.00000000099999999946 0.12732538002067000926 0.00000000099999999946 0.00000000099999999946 0.00000000099999999946 0.00000000099999999946 0.00000000099999999946 0.87267461297933002218 
0.00000000099999999951 0.00000000099999999951 0.19664776693842508926 0.00000000099999999951 0.00000000099999999951 0.00000000099999999951 0.00000000099999999951 0.00000000099999999951 0.80335222606157485892 
0.00000000099999999997 0.02169406640979336734 0.31586054824368947624 0.00000000099999999997 0.00000000099999999997 0.00000000099999999997 0.00000000122659693461 0.00000000099999999997 0.66244537911992007473 
0.00000000099999999960 0.23760840532694812999 0.00000000099999999960 0.00000000099999999960 0.67699412909063860777 0.00000000099999999960 0.08539745958241332091 0.00000000099999999960 0.00000000099999999960 
0.00000000099999999951 0.27508175433412296318 0.00000000099999999951 0.00000000099999999951 0.49162590861314398039 0.00000000099999999951 0.23329233105273289306 0.00000000099999999951 0.00000000099999999951 
0.00000000099999999953 0.15872391761872631233 0.00000000099999999953 0.00000000099999999953 0.64080367101968038757 0.00000000099999999953 0.20047240536159327551 0.00000000099999999953 0.00000000099999999953 
0.00000000099999999950 0.28070820659297213151 0.00000000099999999950 0.00000000099999999950 0.46921695678214647707 0.00000000099999999950 0.25007483062488145009 0.00000000099999999950 0.00000000099999999950 
0.00000000099999999958 0.25355783088625377664 0.00000000099999999958 0.00000000099999999958 0.49596055994125182176 0.00000000099999999958 0.25048160317249434925 0.00000000099999999958 0.00000000099999999958 
0.00000000099999999985 0.13905096943016329036 0.00000000099999999985 0.00000000099999999985 0.68203921339106898802 0.00000000099999999985 0.17890981117876786355 0.00000000099999999985 0.00000000099999999985 
0.00000000099999999936 0.41492744672494458191 0.00000000099999999936 0.00000000099999999936 0.00000000099999999936 0.00000000099999999936 0.58507254627505533850 0.00000000099999999936 0.00000000099999999936 
0.00000000099999999950 0.37642510360603642638 0.00000000099999999950 0.00000000099999999950 0.00000000099999999950 0.00000000099999999950 0.62357488939396354954 0.00000000099999999950 0.00000000099999999950 
0.00000000099999999943 0.36793219193669807199 0.00000000099999999943 0.00000000099999999943 0.00000000099999999943 0.00000000099999999943 0.63206780106330173741 0.00000000099999999943 0.00000000099999999943 
0.00000000099999999937 0.42536633566397497042 0.00000000099999999937 0.00000000099999999937 0.00000000099999999937 0.00000000099999999937 0.57463365733602489449 0.00000000099999999937 0.00000000099999999937 
0.00000000099999999936 0.44682607936205021026 0.00000000099999999936 0.00000000099999999936 0.00000000099999999936 0.00000000099999999936 0.55317391363794954362 0.00000000099999999936 0.00000000099999999936 
0.00000000099999999934 0.43017223984089009159 0.00000000099999999934 0.00000000099999999934 0.00000000099999999934 0.00000000099999999934 0.56982775315910993985 0.00000000099999999934 0.00000000099999999934 
0.00000000099999999941 0.32657079358806290204 0.00000000099999999941 0.00000000099999999941 0.00000000099999999941 0.00000000099999999941 0.67342919941193701838 0.00000000099999999941 0.00000000099999999941 
0.00000000099999999937 0.34182606100607321187 0.00000000099999999937 0.00000000099999999937 0.00000000099999999937 0.00000000099999999937 0.65817393199392681957 0.00000000099999999937 0.00000000099999999937 
0.00000000099999999940 0.00000000099999999940 0.00000000099999999940 0.00000000099999999940 0.00000000099999999940 0.00000000099999999940 0.99999999200000000421 0.00000000099999999940 0.00000000099999999940 
0.00000000099999999943 0.00000000099999999943 0.00000000099999999943 0.00000000099999999943 0.00000000099999999943 0.00000000099999999943 0.99999999200000000421 0.00000000099999999943 0.00000000099999999943 
0.00000000099999999942 0.00000000099999999942 0.00000000099999999942 0.00000000099999999942 0.00000000099999999942 0.00000000099999999942 0.99999999200000000421 0.00000000099999999942 0.00000000099999999942 
0.00000000099999999953 0.00000000099999999953 0.00000000099999999953 0.00000000099999999953 0.00000000099999999953 0.00000000099999999953 0.99999999200000000421 0.00000000099999999953 0.00000000099999999953 
0.00000000099999999945 0.00000000099999999945 0.00000000099999999945 0.00000000099999999945 0.00000000099999999945 0.00000000099999999945 0.99999999199999989319 0.00000000099999999945 0.00000000099999999945 
0.00000000099999999941 0.00000000099999999941 0.00000000099999999941 0.00000000099999999941 0.00000000099999999941 0.00000000099999999941 0.99999999199999989319 0.00000000099999999941 0.00000000099999999941 
0.00000000099999999937 0.00000000099999999937 0.00000000099999999937 0.00000000099999999937 0.00000000099999999937 0.00000000099999999937 0.99999999200000000421 0.00000000099999999937 0.00000000099999999937 
0.00000000099999999939 0.00000000099999999939 0.00000000099999999939 0.00000000099999999939 0.00000000099999999939 0.00000000099999999939 0.99999999199999989319 0.00000000099999999939 0.00000000099999999939 
0.00000000099999999969 0.00000000099999999969 0.00000000099999999969 0.00000000099999999969 0.00000000099999999969 0.00000000099999999969 0.00000000099999999969 0.99999999200000000421 0.00000000099999999969 
0.00000000099999999971 0.00000000099999999971 0.00000000099999999971 0.00000000099999999971 0.00000000099999999971 0.00000000099999999971 0.00000000099999999971 0.99999999199999989319 0.00000000099999999971 
0.00000000099999999976 0.00000000099999999976 0.00000000099999999976 0.00000000099999999976 0.00000000099999999976 0.00000000099999999976 0.00000000099999999976 0.99999999199999989319 0.00000000099999999976 
0.00000000099999999973 0.00000000099999999973 0.00000000099999999973 0.00000000099999999973 0.00000000099999999973 0.00000000099999999973 0.00000000099999999973 0.99999999199999989319 0.00000000099999999973 
0.00000000099999999970 0.00000000099999999970 0.00000000099999999970 0.00000000099999999970 0.00000000099999999970 0.00000000099999999970 0.00000000099999999970 0.99999999199999989319 0.00000000099999999970 
0.00000000099999999974 0.00000000099999999974 0.00000000099999999974 0.00493588810752597709 0.00000000099999999974 0.00000000099999999974 0.00000000099999999974 0.99506410489247398843 0.00000000099999999974 
0.00000000099999999969 0.00000000099999999969 0.00000000099999999969 0.00000000099999999969 0.00000000099999999969 0.00000000099999999969 0.00000000099999999969 0.99999999200000000421 0.00000000099999999969 
0.00000000099999999980 0.00000000099999999980 0.00000000099999999980 0.00000000099999999980 0.00000000099999999980 0.00593571687756105307 0.00000000099999999980 0.99406427612243897229 0.00000000099999999980 
0.00000000099999999975 0.99999999200000022626 0.00000000099999999975 0.00000000099999999975 0.00000000099999999975 0.00000000099999999975 0.00000000099999999975 0.00000000099999999975 0.00000000099999999975 
0.00000000099999999987 0.99999999200000011523 0.00000000099999999987 0.00000000099999999987 0.00000000099999999987 0.00000000099999999987 0.00000000099999999987 0.00000000099999999987 0.00000000099999999987 
0.00000000099999999950 0.99999999200000011523 0.00000000099999999950 0.00000000099999999950 0.00000000099999999950 0.00000000099999999950 0.00000000099999999950 0.00000000099999999950 0.00000000099999999950 
0.00000000099999999979 0.99999999200000011523 0.00000000099999999979 0.00000000099999999979 0.00000000099999999979 0.00000000099999999979 0.00000000099999999979 0.00000000099999999979 0.00000000099999999979 
0.00000000099999999983 0.99999999200000022626 0.00000000099999999983 0.00000000099999999983 0.00000000099999999983 0.00000000099999999983 0.00000000099999999983 0.00000000099999999983 0.00000000099999999983 
0.00000000099999999984 0.96559362852759900164 0.00000000099999999984 0.00000000099999999984 0.00000000099999999984 0.00000000099999999984 0.00000000099999999984 0.03440636447240118939 0.00000000099999999984 
0.00000000099999999991 0.88382755088248532438 0.08052939491766555880 0.00000000099999999991 0.03564241463018526929 0.00000000099999999991 0.00000000099999999991 0.00000063456966383524 0.00000000099999999991 
0.00331069023397331970 0.96373489611572182856 0.03238240448926115594 0.00000000099999999996 0.00000000099999999996 0.00000000099999999996 0.00000000099999999996 0.00057200416104368141 0.00000000099999999996 
0.00000000099999999964 0.00000000099999999964 0.00000000099999999964 0.00000000099999999964 0.00000000099999999964 0.00000000099999999964 0.00000000099999999964 0.00207508715383632929 0.99792490584616366789 
0.00000000099999999960 0.00000000099999999960 0.00000000099999999960 0.00000000099999999960 0.00000000099999999960 0.00000000099999999960 0.00000000099999999960 0.00000000099999999960 0.99999999200000000421 
0.00000000099999999988 0.00000000099999999988 0.00000000099999999988 0.00000000099999999988 0.00000000099999999988 0.00000000099999999988 0.00000000099999999988 0.00000000099999999988 0.99999999199999989319 
0.00000000099999999977 0.00000000099999999977 0.00000000099999999977 0.00000000099999999977 0.00000000099999999977 0.00000000099999999977 0.00000000099999999977 0.05917851896769604769 0.94082147403230398375 
0.00000000099999999969 0.00000000099999999969 0.00000000099999999969 0.00000000099999999969 0.00000000099999999969 0.00000000099999999969 0.00000000099999999969 0.00000002272361802419 0.99999997027638187763 
0.00000000099999999962 0.00000000099999999962 0.00000000099999999962 0.00000000099999999962 0.00000000099999999962 0.00000000099999999962 0.00000000099999999962 0.00000000099999999962 0.99999999199999989319 
0.00000000099999999968 0.00000000099999999968 0.00000000099999999968 0.00000000099999999968 0.00000000099999999968 0.00000000099999999968 0.00000000099999999968 0.00000000099999999968 0.99999999200000000421 
0.00000000099999999983 0.00000000099999999983 0.00000000099999999983 0.00000000099999999983 0.00000000099999999983 0.00000000099999999983 0.00000000099999999983 0.00000000099999999983 0.99999999200000000421 
0.00000000099999999971 0.00000000099999999971 0.00568359596569841235 0.00000000099999999971 0.00000000099999999971 0.00000000099999999971 0.00000000099999999971 0.00000253327948918417 0.99431386475481231546 
0.99999999200000011523 0.00000000099999999943 0.00000000099999999943 0.00000000099999999943 0.00000000099999999943 0.00000000099999999943 0.00000000099999999943 0.00000000099999999943 0.00000000099999999943 
0.99999999200000022626 0.00000000099999999972 0.00000000099999999972 0.00000000099999999972 0.00000000099999999972 0.00000000099999999972 0.00000000099999999972 0.00000000099999999972 0.00000000099999999972 
0.89774298294108656471 0.00000000099999999976 0.00000000099999999976 0.00000000099999999976 0.10225701005891357775 0.00000000099999999976 0.00000000099999999976 0.00000000099999999976 0.00000000099999999976 
0.99999999200000011523 0.00000000099999999943 0.00000000099999999943 0.00000000099999999943 0.00000000099999999943 0.00000000099999999943 0.00000000099999999943 0.00000000099999999943 0.00000000099999999943 
0.99999999200000022626 0.00000000099999999945 0.00000000099999999945 0.00000000099999999945 0.00000000099999999945 0.00000000099999999945 0.00000000099999999945 0.00000000099999999945 0.00000000099999999945 
0.99999999200000011523 0.00000000099999999944 0.00000000099999999944 0.00000000099999999944 0.00000000099999999944 0.00000000099999999944 0.00000000099999999944 0.00000000099999999944 0.00000000099999999944 
0.99999999200000022626 0.00000000099999999945 0.00000000099999999945 0.00000000099999999945 0.00000000099999999945 0.00000000099999999945 0.00000000099999999945 0.00000000099999999945 0.00000000099999999945 
0.00000000099999999975 0.00000000099999999975 0.99999999200000011523 0.00000000099999999975 0.00000000099999999975 0.00000000099999999975 0.00000000099999999975 0.00000000099999999975 0.00000000099999999975 
0.00000000099999999980 0.00000000099999999980 0.99999999200000000421 0.00000000099999999980 0.00000000099999999980 0.00000000099999999980 0.00000000099999999980 0.00000000099999999980 0.00000000099999999980 
0.00000000099999999980 0.00000000099999999980 0.99999999200000000421 0.00000000099999999980 0.00000000099999999980 0.00000000099999999980 0.00000000099999999980 0.00000000099999999980 0.00000000099999999980 
0.00000000099999999976 0.00000000099999999976 0.99999999200000011523 0.00000000099999999976 0.00000000099999999976 0.00000000099999999976 0.00000000099999999976 0.00000000099999999976 0.00000000099999999976 
0.00000000099999999956 0.00000000099999999956 0.00000000099999999956 0.00000000099999999956 0.00000000099999999956 0.00000000099999999956 0.00000000099999999956 0.00000000099999999956 0.99999999200000000421 
0.00000000099999999991 0.00000000099999999991 0.02831724261517109403 0.00000000099999999991 0.01610436874548474423 0.00000000099999999991 0.00000000099999999991 0.00000000099999999991 0.95557838263934413714 
0.00000000099999999975 0.00000000099999999975 0.00000000099999999975 0.00000000099999999975 0.00000000099999999975 0.00000000099999999975 0.00000000099999999975 0.00002453057535107607 0.99997546242464896427 
0.00000000099999999975 0.00000000099999999975 0.00000000099999999975 0.00000000099999999975 0.00000000099999999975 0.00000000099999999975 0.00000000099999999975 0.00000000099999999975 0.99999999200000000421 
0.00000000099999999975 0.00000000099999999975 0.00000000099999999975 0.00000000099999999975 0.00000000099999999975 0.00000000099999999975 0.00000000099999999975 0.00000000099999999975 0.99999999199999989319 
0.00000000099999999940 0.00000000099999999940 0.00000000099999999940 0.00000000099999999940 0.00000000099999999940 0.00000000099999999940 0.00000000099999999940 0.00000000099999999940 0.99999999200000000421 
0.00000000099999999939 0.00000000099999999939 0.00000000099999999939 0.00000000099999999939 0.00000000099999999939 0.00000000099999999939 0.00000000099999999939 0.00000000099999999939 0.99999999200000000421 
0.00000000099999999976 0.00000000099999999976 0.00000000099999999976 0.00000000099999999976 0.00000000099999999976 0.00000000099999999976 0.00000000099999999976 0.00785869466176997676 0.99214129833822994886 
0.00000000099999999966 0.00000000099999999966 0.00000000099999999966 0.00000000099999999966 0.00000000099999999966 0.00000000099999999966 0.00000000099999999966 0.00000000099999999966 0.99999999200000000421 
0.00000000099999999992 0.05208723503706037122 0.52363268714136179671 0.00000000099999999992 0.00000000099999999992 0.00000000099999999992 0.00000000099999999992 0.42428007182157778665 0.00000000099999999992 
0.00000000099999999966 0.00000000099999999966 0.66908232519411070527 0.00000000099999999966 0.00000000099999999966 0.00000000099999999966 0.00000000099999999966 0.33091766780588921515 0.00000000099999999966 
0.00000000099999999959 0.00000000099999999959 0.58781018747378832590 0.00000000099999999959 0.00000000099999999959 0.00000000099999999959 0.00000000099999999959 0.41218980552621165003 0.00000000099999999959 
0.00000000099999999975 0.00000000099999999975 0.59115419181660955328 0.00000000099999999975 0.00000000099999999975 0.00000000099999999975 0.00000000099999999975 0.40884580118339042265 0.00000000099999999975 
0.00000000099999999967 0.00000000099999999967 0.58780219836439528969 0.00000000099999999967 0.00000000099999999967 0.00000000099999999967 0.00000000099999999967 0.41219779463560463073 0.00000000099999999967 
0.00000000099999999987 0.00000000099999999987 0.61967913239311189777 0.00000000099999999987 0.00000000099999999987 0.01109335717727841578 0.00000000099999999987 0.36922750442960960982 0.00000000099999999987 
0.00000000099999999996 0.00000000099999999996 0.54865189889241072763 0.00000000099999999996 0.03285286369844291759 0.02638843100732450597 0.00000000099999999996 0.39210680140182180287 0.00000000099999999996 
0.00000000099999999953 0.00000000099999999953 0.00000000099999999953 0.00000000099999999953 0.00000000099999999953 0.99999999200000011523 0.00000000099999999953 0.00000000099999999953 0.00000000099999999953 
0.00000000099999999936 0.00000000099999999936 0.00000000099999999936 0.00000000099999999936 0.00000000099999999936 0.99999999200000000421 0.00000000099999999936 0.00000000099999999936 0.00000000099999999936 
0.00000000099999999989 0.01116335498171543844 0.00000000099999999989 0.00000000099999999989 0.00000000099999999989 0.98883663801828458606 0.00000000099999999989 0.00000000099999999989 0.00000000099999999989 
0.00000000099999999974 0.00000000099999999974 0.00000000099999999974 0.00000000099999999974 0.00000000099999999974 0.99999999200000000421 0.00000000099999999974 0.00000000099999999974 0.00000000099999999974 
0.00000000099999999962 0.00000000099999999962 0.00000000099999999962 0.00000000099999999962 0.00000000099999999962 0.99999999200000000421 0.00000000099999999962 0.00000000099999999962 0.00000000099999999962 
0.00000000099999999938 0.99999999200000022626 0.00000000099999999938 0.00000000099999999938 0.00000000099999999938 0.00000000099999999938 0.00000000099999999938 0.00000000099999999938 0.00000000099999999938 
0.00000000099999999983 0.99999999200000022626 0.00000000099999999983 0.00000000099999999983 0.00000000099999999983 0.00000000099999999983 0.00000000099999999983 0.00000000099999999983 0.00000000099999999983 
0.00000000099999999956 0.99999999200000011523 0.00000000099999999956 0.00000000099999999956 0.00000000099999999956 0.00000000099999999956 0.00000000099999999956 0.00000000099999999956 0.00000000099999999956 
0.00000000099999999994 0.91388847686931506953 0.01229787818806795177 0.00000000099999999994 0.00000000099999999994 0.00000000099999999994 0.00000000099999999994 0.00695552652475323486 0.06685811341786382367 
0.00000000099999999980 0.99999999200000011523 0.00000000099999999980 0.00000000099999999980 0.00000000099999999980 0.00000000099999999980 0.00000000099999999980 0.00000000099999999980 0.00000000099999999980 
0.00000000099999999958 0.99999999200000022626 0.00000000099999999958 0.00000000099999999958 0.00000000099999999958 0.00000000099999999958 0.00000000099999999958 0.00000000099999999958 0.00000000099999999958 
0.00000000099999999937 0.99999999200000011523 0.00000000099999999937 0.00000000099999999937 0.00000000099999999937 0.00000000099999999937 0.00000000099999999937 0.00000000099999999937 0.00000000099999999937 
0.00000000099999999954 0.99999999200000022626 0.00000000099999999954 0.00000000099999999954 0.00000000099999999954 0.00000000099999999954 0.00000000099999999954 0.00000000099999999954 0.00000000099999999954 
0.00000000099999999987 0.05233762719921961071 0.00000000099999999987 0.00000000099999999987 0.23260973686720792797 0.00000000099999999987 0.71505262993357243673 0.00000000099999999987 0.00000000099999999987 
