0.00000000099999999993 0.06059660807376011232 0.00000000099999999993 0.80588186559947361243 0.00000000099999999993 0.00000000099999999993 0.00000000099999999993 0.13352152132676645135 
0.00000000099999999988 0.00000000099999999988 0.00000000099999999988 0.99134944244587863693 0.00000000099999999988 0.00865014308772936100 0.00000000099999999988 0.00000040946639217416 
0.00000000099999999995 0.00000000099999999995 0.00000000099999999995 0.97464271664401980200 0.00000000099999999995 0.01668520741103034916 0.00000000099999999995 0.00867207094494982719 
0.00000000099999999992 0.03897858659212894566 0.00000000099999999992 0.95129364531901383639 0.00000000099999999992 0.00972776308885729170 0.00000000099999999992 0.00000000099999999992 
0.00000000099999999993 0.00000000099999999993 0.00000000099999999993 0.98973551372679702265 0.00000000099999999993 0.01026448027320291632 0.00000000099999999993 0.00000000099999999993 
0.00000000099999999979 0.00000000099999999979 0.00000000099999999979 0.00000000099999999979 0.00000000099999999979 0.00000000099999999979 0.00000000099999999979 0.99999999299999997593 
0.00000000099999999984 0.00000000099999999984 0.00000000099999999984 0.26857077830785125450 0.00000000099999999984 0.00000000099999999984 0.00000000099999999984 0.73142921569214869315 
0.00000000099999999953 0.00000000099999999953 0.00000000099999999953 0.00000000099999999953 0.00000000099999999953 0.00000000099999999953 0.00000000099999999953 0.99999999300000008695 
0.00000000099999999960 0.00000006574989209018 0.00000000099999999960 0.99999992825010786124 0.00000000099999999960 0.00000000099999999960 0.00000000099999999960 0.00000000099999999960 
0.00000000099999999981 0.00000000099999999981 0.00000852262294967185 0.98113037776345590757 0.01886109461359450346 0.00000000099999999981 0.00000000099999999981 0.00000000099999999981 
0.00000000099999999958 0.00000000099999999958 0.00000000099999999958 0.99999999300000008695 0.00000000099999999958 0.00000000099999999958 0.00000000099999999958 0.00000000099999999958 
0.00000000099999999965 0.02495930282910206396 0.00000000099999999965 0.97504069117089808838 0.00000000099999999965 0.00000000099999999965 0.00000000099999999965 0.00000000099999999965 
0.00000000099999999978 0.00000000099999999978 0.00000000099999999978 0.98075311652990360134 0.01924687747009642957 0.00000000099999999978 0.00000000099999999978 0.00000000099999999978 
0.00000000099999999979 0.02666925605510367045 0.00000000099999999979 0.95431854528210724453 0.01901219366278904949 0.00000000099999999979 0.00000000099999999979 0.00000000099999999979 
0.02754185463390254607 0.10379992460458818682 0.00000000099999999986 0.86865821576150925587 0.00000000099999999986 0.00000000099999999986 0.00000000099999999986 0.00000000099999999986 
0.04911086920132339689 0.13982113546080351951 0.00000000099999999977 0.81106799033787313480 0.00000000099999999977 0.00000000099999999977 0.00000000099999999977 0.00000000099999999977 
0.16610750260087875363 0.00000000099999999960 0.00000000099999999960 0.00000000099999999960 0.83389249139912124953 0.00000000099999999960 0.00000000099999999960 0.00000000099999999960 
0.17065600851051618281 0.00000000099999999966 0.00000000099999999966 0.00000000099999999966 0.82934398548948373708 0.00000000099999999966 0.00000000099999999966 0.00000000099999999966 
0.21400002633718623324 0.00000000099999999957 0.00000000099999999957 0.00000000099999999957 0.78599996766281388094 0.00000000099999999957 0.00000000099999999957 0.00000000099999999957 
0.20453557508780173535 0.00000000099999999960 0.00000000099999999960 0.00000000099999999960 0.79546441891219832332 0.00000000099999999960 0.00000000099999999960 0.00000000099999999960 
0.20590551194302353366 0.00000000099999999960 0.00000000099999999960 0.00000000099999999960 0.79409448205697652501 0.00000000099999999960 0.00000000099999999960 0.00000000099999999960 
0.23514501666336742880 0.00000000099999999985 0.00000000099999999985 0.00000000099999999985 0.76485497733663265763 0.00000000099999999985 0.00000000099999999985 0.00000000099999999985 
0.22096766192789588090 0.00000000099999999953 0.00000000099999999953 0.00000000099999999953 0.77903233207210409450 0.00000000099999999953 0.00000000099999999953 0.00000000099999999953 
0.20974697429835767459 0.00000000099999999963 0.00000000099999999963 0.00000000099999999963 0.79025301970164230081 0.00000000099999999963 0.00000000099999999963 0.00000000099999999963 
0.00000000099999999962 0.00000000099999999962 0.00000000099999999962 0.00000000099999999962 0.00000000099999999962 0.99999999300000008695 0.00000000099999999962 0.00000000099999999962 
0.00000000099999999982 0.00000000099999999982 0.07665255855866555390 0.00000000099999999982 0.00000005391669121944 0.92334738252464332309 0.00000000099999999982 0.00000000099999999982 
0.00000000099999999950 0.00000000099999999950 0.00000000099999999950 0.00000000099999999950 0.00000000099999999950 0.99999999299999997593 0.00000000099999999950 0.00000000099999999950 
0.00000000099999999961 0.00000000099999999961 0.00000000099999999961 0.00000000099999999961 0.00000000099999999961 0.99999999299999997593 0.00000000099999999961 0.00000000099999999961 
0.00000000099999999953 0.00000000099999999953 0.00000000099999999953 0.00000000099999999953 0.00000000099999999953 0.99999999300000008695 0.00000000099999999953 0.00000000099999999953 
0.00000000099999999982 0.00000000099999999982 0.00000000099999999982 0.00000000099999999982 0.00000000099999999982 0.99999999299999997593 0.00000000099999999982 0.00000000099999999982 
0.00000000099999999958 0.00000000099999999958 0.00000000099999999958 0.00000000099999999958 0.00000000099999999958 0.99999999299999997593 0.00000000099999999958 0.00000000099999999958 
0.00000000099999999953 0.00000000099999999953 0.00000000099999999953 0.00000000099999999953 0.00000000099999999953 0.99999999300000008695 0.00000000099999999953 0.00000000099999999953 
0.00000000099999999994 0.00000000099999999994 0.00000000099999999994 0.96870851690146497770 0.00000000099999999994 0.02265543102256588337 0.00863604707596906697 0.00000000099999999994 
0.00000000099999999976 0.00000000099999999976 0.00000000099999999976 0.99999999300000008695 0.00000000099999999976 0.00000000099999999976 0.00000000099999999976 0.00000000099999999976 
0.00000000099999999977 0.00000000099999999977 0.00000000099999999977 0.99999999300000008695 0.00000000099999999977 0.00000000099999999977 0.00000000099999999977 0.00000000099999999977 
0.99999999300000019797 0.00000000099999999940 0.00000000099999999940 0.00000000099999999940 0.00000000099999999940 0.00000000099999999940 0.00000000099999999940 0.00000000099999999940 
0.99999999300000008695 0.00000000099999999950 0.00000000099999999950 0.00000000099999999950 0.00000000099999999950 0.00000000099999999950 0.00000000099999999950 0.00000000099999999950 
0.94216288289636007658 0.00000000099999999989 0.00000000099999999989 0.00000000099999999989 0.03724433740288183442 0.02059277470075805347 0.00000000099999999989 0.00000000099999999989 
0.93420689489637409597 0.00000000099999999995 0.00000000099999999995 0.05887116522395155482 0.00000000099999999995 0.00000000099999999995 0.00000000099999999995 0.00692193487967456694 
0.99999999300000019797 0.00000000099999999961 0.00000000099999999961 0.00000000099999999961 0.00000000099999999961 0.00000000099999999961 0.00000000099999999961 0.00000000099999999961 
0.99999999300000008695 0.00000000099999999954 0.00000000099999999954 0.00000000099999999954 0.00000000099999999954 0.00000000099999999954 0.00000000099999999954 0.00000000099999999954 
0.00000000099999999957 0.00000000099999999957 0.00000000099999999957 0.99999999299999997593 0.00000000099999999957 0.00000000099999999957 0.00000000099999999957 0.00000000099999999957 
0.00000000099999999985 0.00000000099999999985 0.00000000099999999985 0.99999999299999997593 0.00000000099999999985 0.00000000099999999985 0.00000000099999999985 0.00000000099999999985 
0.00000000099999999952 0.00000000099999999952 0.00000000099999999952 0.99999999300000008695 0.00000000099999999952 0.00000000099999999952 0.00000000099999999952 0.00000000099999999952 
0.00000000099999999942 0.00000000099999999942 0.00000000099999999942 0.99999999300000008695 0.00000000099999999942 0.00000000099999999942 0.00000000099999999942 0.00000000099999999942 
0.00000000099999999951 0.00000000099999999951 0.00000000099999999951 0.99999999299999997593 0.00000000099999999951 0.00000000099999999951 0.00000000099999999951 0.00000000099999999951 
0.00000000099999999946 0.00000000170636112528 0.00000000099999999946 0.99999999229363889519 0.00000000099999999946 0.00000000099999999946 0.00000000099999999946 0.00000000099999999946 
0.00000000099999999947 0.00000000099999999947 0.00000000099999999947 0.99999999300000008695 0.00000000099999999947 0.00000000099999999947 0.00000000099999999947 0.00000000099999999947 
0.00000000099999999945 0.00531074489315814299 0.00000000099999999945 0.99468924910684197727 0.00000000099999999945 0.00000000099999999945 0.00000000099999999945 0.00000000099999999945 
0.00000000099999999950 0.00000000099999999950 0.99999999300000008695 0.00000000099999999950 0.00000000099999999950 0.00000000099999999950 0.00000000099999999950 0.00000000099999999950 
0.00000000099999999990 0.00000000099999999990 0.98034384952034991922 0.00000000099999999990 0.00000000099999999990 0.00000000099999999990 0.01965614447965003189 0.00000000099999999990 
0.00000000099999999951 0.00000000099999999951 0.99999999300000008695 0.00000000099999999951 0.00000000099999999951 0.00000000099999999951 0.00000000099999999951 0.00000000099999999951 
0.00000000099999999964 0.00000000099999999964 0.99999999300000008695 0.00000000099999999964 0.00000000099999999964 0.00000000099999999964 0.00000000099999999964 0.00000000099999999964 
0.00000000099999999957 0.00000000099999999957 0.99999999299999997593 0.00000000099999999957 0.00000000099999999957 0.00000000099999999957 0.00000000099999999957 0.00000000099999999957 
0.00000000099999999989 0.00000000099999999989 0.99999999300000008695 0.00000000099999999989 0.00000000099999999989 0.00000000099999999989 0.00000000099999999989 0.00000000099999999989 
0.00000000099999999981 0.00000000099999999981 0.99999999300000008695 0.00000000099999999981 0.00000000099999999981 0.00000000099999999981 0.00000000099999999981 0.00000000099999999981 
0.00000000099999999988 0.00000000099999999988 0.99999999299999997593 0.00000000099999999988 0.00000000099999999988 0.00000000099999999988 0.00000000099999999988 0.00000000099999999988 
0.00000000099999999984 0.00000000099999999984 0.00000000099999999984 0.99999999299999997593 0.00000000099999999984 0.00000000099999999984 0.00000000099999999984 0.00000000099999999984 
0.02814328476932924372 0.00000000099999999988 0.00011505398948404232 0.97174165624118669093 0.00000000099999999988 0.00000000099999999988 0.00000000099999999988 0.00000000099999999988 
0.00000000099999999987 0.00000000099999999987 0.00000000099999999987 0.99999999299999997593 0.00000000099999999987 0.00000000099999999987 0.00000000099999999987 0.00000000099999999987 
0.01003773195501756095 0.00000000099999999991 0.00000000099999999991 0.98996226204498249945 0.00000000099999999991 0.00000000099999999991 0.00000000099999999991 0.00000000099999999991 
0.00000000099999999991 0.00000000099999999991 0.00688452839978998497 0.99311546560021002339 0.00000000099999999991 0.00000000099999999991 0.00000000099999999991 0.00000000099999999991 
0.01102425273688965174 0.00000000099999999989 0.00000000099999999989 0.98897574126311049714 0.00000000099999999989 0.00000000099999999989 0.00000000099999999989 0.00000000099999999989 
0.00000000099999999975 0.00000000099999999975 0.00000000099999999975 0.99999999300000008695 0.00000000099999999975 0.00000000099999999975 0.00000000099999999975 0.00000000099999999975 
0.00000000099999999989 0.00000000099999999989 0.00006788906399950574 0.99993210493600059863 0.00000000099999999989 0.00000000099999999989 0.00000000099999999989 0.00000000099999999989 
0.00000000099999999990 0.00000000099999999990 0.00000000099999999990 0.99535284048269700996 0.00000000099999999990 0.00000000099999999990 0.00000000099999999990 0.00464715351730299406 
0.00000000099999999977 0.00000000099999999977 0.00000000099999999977 0.99999999300000008695 0.00000000099999999977 0.00000000099999999977 0.00000000099999999977 0.00000000099999999977 
0.00000000099999999972 0.00000000099999999972 0.00000000099999999972 0.99999999300000008695 0.00000000099999999972 0.00000000099999999972 0.00000000099999999972 0.00000000099999999972 
0.00000000099999999994 0.00000000099999999994 0.00000000099999999994 0.99999320134895586243 0.00000000099999999994 0.00000679265104417315 0.00000000099999999994 0.00000000099999999994 
0.00000000099999999997 0.13918070733298915087 0.01934561096794395335 0.83192368289191731545 0.00000000099999999997 0.00000000099999999997 0.00954999480714972468 0.00000000099999999997 
0.00000000099999999996 0.14576932031520245525 0.00000000099999999996 0.77868380105168877314 0.00000000099999999996 0.05141188606284686352 0.02413498857026195182 0.00000000099999999996 
0.00000000099999999987 0.19024948556863721660 0.00000000099999999987 0.80975050843136275880 0.00000000099999999987 0.00000000099999999987 0.00000000099999999987 0.00000000099999999987 
0.00000000099999999984 0.23540444113749897648 0.00000000099999999984 0.76459555286250124873 0.00000000099999999984 0.00000000099999999984 0.00000000099999999984 0.00000000099999999984 
0.00000000099999999974 0.00000000099999999974 0.00000000099999999974 0.99999999299999997593 0.00000000099999999974 0.00000000099999999974 0.00000000099999999974 0.00000000099999999974 
0.00000000099999999978 0.19372355898614132541 0.00000000099999999978 0.78170801992127558755 0.00000000099999999978 0.02456841609258307232 0.00000000099999999978 0.00000000099999999978 
0.00000000099999999973 0.17611064415014357487 0.00000000099999999973 0.82388934984985662258 0.00000000099999999973 0.00000000099999999973 0.00000000099999999973 0.00000000099999999973 
0.00000000099999999966 0.19391284440678371870 0.00000000099999999966 0.80608714959321636773 0.00000000099999999966 0.00000000099999999966 0.00000000099999999966 0.00000000099999999966 
0.00000000099999999979 0.00000000099999999979 0.00000000099999999979 0.99999999300000008695 0.00000000099999999979 0.00000000099999999979 0.00000000099999999979 0.00000000099999999979 
0.00000000099999999979 0.00000000099999999979 0.00000000099999999979 0.99999999299999997593 0.00000000099999999979 0.00000000099999999979 0.00000000099999999979 0.00000000099999999979 
0.00000000099999999978 0.00000000099999999978 0.00000000099999999978 0.99999999299999997593 0.00000000099999999978 0.00000000099999999978 0.00000000099999999978 0.00000000099999999978 
0.00000000099999999990 0.23726350277020649693 0.00000000099999999990 0.73783184894358311290 0.00000000099999999990 0.02490464328621038934 0.00000000099999999990 0.00000000099999999990 
0.00761186095469120871 0.00000000099999999987 0.97801740494985101027 0.00000000099999999987 0.01437072909545784871 0.00000000099999999987 0.00000000099999999987 0.00000000099999999987 
0.10433396444737354225 0.00000000099999999977 0.89566602955262653030 0.00000000099999999977 0.00000000099999999977 0.00000000099999999977 0.00000000099999999977 0.00000000099999999977 
0.16789181836407804371 0.00000000099999999985 0.83210817563592209822 0.00000000099999999985 0.00000000099999999985 0.00000000099999999985 0.00000000099999999985 0.00000000099999999985 
0.00119211196704860508 0.00000000099999999987 0.99880788203295145511 0.00000000099999999987 0.00000000099999999987 0.00000000099999999987 0.00000000099999999987 0.00000000099999999987 
0.07993081622995450164 0.00000000099999999990 0.92006917777004570969 0.00000000099999999990 0.00000000099999999990 0.00000000099999999990 0.00000000099999999990 0.00000000099999999990 
0.00016281860609330018 0.00000000099999999991 0.97242365759346982568 0.02741351880043685699 0.00000000099999999991 0.00000000099999999991 0.00000000099999999991 0.00000000099999999991 
0.00000000099999999994 0.00000000099999999994 0.99999999300000008695 0.00000000099999999994 0.00000000099999999994 0.00000000099999999994 0.00000000099999999994 0.00000000099999999994 
0.04651580724102283293 0.00000000099999999967 0.95348418675897717023 0.00000000099999999967 0.00000000099999999967 0.00000000099999999967 0.00000000099999999967 0.00000000099999999967 
0.00000000099999999963 0.00000000099999999963 0.00000000099999999963 0.99999999299999997593 0.00000000099999999963 0.00000000099999999963 0.00000000099999999963 0.00000000099999999963 
0.00000000099999999994 0.10167403703121580261 0.00000000099999999994 0.82311788094161331131 0.00000000099999999994 0.07520807702717095811 0.00000000099999999994 0.00000000099999999994 
0.00000000099999999993 0.00005668803128461105 0.00000000099999999993 0.98576164200498406220 0.01418166496373137082 0.00000000099999999993 0.00000000099999999993 0.00000000099999999993 
0.00000000099999999990 0.00000002840395115457 0.00533479941089096740 0.99466516718515785023 0.00000000099999999990 0.00000000099999999990 0.00000000099999999990 0.00000000099999999990 
0.00000000099999999977 0.00000000099999999977 0.00000000099999999977 0.99999999299999997593 0.00000000099999999977 0.00000000099999999977 0.00000000099999999977 0.00000000099999999977 
0.00000000099999999949 0.00000000099999999949 0.00000000099999999949 0.99999999299999997593 0.00000000099999999949 0.00000000099999999949 0.00000000099999999949 0.00000000099999999949 
0.00720432680346941908 0.00005663501335825384 0.00000000099999999984 0.99273903318317247013 0.00000000099999999984 0.00000000099999999984 0.00000000099999999984 0.00000000099999999984 
0.00000000099999999944 0.01517901766950822094 0.00000000099999999944 0.98482097633049181518 0.00000000099999999944 0.00000000099999999944 0.00000000099999999944 0.00000000099999999944 
0.00000000099999999955 0.99999999300000019797 0.00000000099999999955 0.00000000099999999955 0.00000000099999999955 0.00000000099999999955 0.00000000099999999955 0.00000000099999999955 
0.00000000099999999984 0.97559992727501310128 0.00000000099999999984 0.02440006672498700943 0.00000000099999999984 0.00000000099999999984 0.00000000099999999984 0.00000000099999999984 
0.00000000099999999984 0.99718270945405440564 0.00000000099999999984 0.00281728454594566604 0.00000000099999999984 0.00000000099999999984 0.00000000099999999984 0.00000000099999999984 
0.00000000099999999951 0.99999999300000008695 0.00000000099999999951 0.00000000099999999951 0.00000000099999999951 0.00000000099999999951 0.00000000099999999951 0.00000000099999999951 
0.00000000099999999945 0.99999999300000019797 0.00000000099999999945 0.00000000099999999945 0.00000000099999999945 0.00000000099999999945 0.00000000099999999945 0.00000000099999999945 
0.00000000099999999951 0.99999999300000008695 0.00000000099999999951 0.00000000099999999951 0.00000000099999999951 0.00000000099999999951 0.00000000099999999951 0.00000000099999999951 
0.02506283645135553781 0.97490479035649901807 0.00000012748338496119 0.00003224170876051228 0.00000000099999999997 0.00000000099999999997 0.00000000099999999997 0.00000000099999999997 
0.23655135859450271418 0.00000000099999999967 0.67846639065388880674 0.00000000099999999967 0.08498224575160862049 0.00000000099999999967 0.00000000099999999967 0.00000000099999999967 
0.27503152408963360553 0.00000000099999999959 0.49682683633641805399 0.00000000099999999959 0.22814163457394834311 0.00000000099999999959 0.00000000099999999959 0.00000000099999999959 
0.15837881224782374145 0.00000000099999999962 0.64535795977898258169 0.00000000099999999962 0.19626322297319384602 0.00000000099999999962 0.00000000099999999962 0.00000000099999999962 
0.28138326605215202569 0.00000000099999999958 0.47415650719893015497 0.00000000099999999958 0.24446022174891787748 0.00000000099999999958 0.00000000099999999958 0.00000000099999999958 
0.25399138084805850113 0.00000000099999999966 0.49812703867756813469 0.00000000099999999966 0.24788157547437342232 0.00000000099999999966 0.00000000099999999966 0.00000000099999999966 
0.13897456568935256938 0.00000000099999999989 0.68624963356752044508 0.00000000099999999989 0.17477579574312696042 0.00000000099999999989 0.00000000099999999989 0.00000000099999999989 
0.41688595366447711577 0.00000000099999999947 0.00000000099999999947 0.00000000099999999947 0.58311404033552272086 0.00000000099999999947 0.00000000099999999947 0.00000000099999999947 
0.37758343537614552643 0.00000000099999999958 0.00000000099999999958 0.00000000099999999958 0.62241655862385436571 0.00000000099999999958 0.00000000099999999958 0.00000000099999999958 
0.36936367638240591438 0.00000000099999999953 0.00000000099999999953 0.00000000099999999953 0.63063631761759408878 0.00000000099999999953 0.00000000099999999953 0.00000000099999999953 
0.42679212897688156847 0.00000000099999999948 0.00000000099999999948 0.00000000099999999948 0.57320786502311837918 0.00000000099999999948 0.00000000099999999948 0.00000000099999999948 
0.44831691999620065792 0.00000000099999999947 0.00000000099999999947 0.00000000099999999947 0.55168307400379923422 0.00000000099999999947 0.00000000099999999947 0.00000000099999999947 
0.43197326429465188191 0.00000000099999999946 0.00000000099999999946 0.00000000099999999946 0.56802672970534806574 0.00000000099999999946 0.00000000099999999946 0.00000000099999999946 
0.32725750685688681507 0.00000000099999999951 0.00000000099999999951 0.00000000099999999951 0.67274248714311313257 0.00000000099999999951 0.00000000099999999951 0.00000000099999999951 
0.34287185397790553854 0.00000000099999999948 0.00000000099999999948 0.00000000099999999948 0.65712814002209440911 0.00000000099999999948 0.00000000099999999948 0.00000000099999999948 
0.00000000099999999950 0.00000000099999999950 0.00000000099999999950 0.00000000099999999950 0.99999999300000008695 0.00000000099999999950 0.00000000099999999950 0.00000000099999999950 
0.00000000099999999953 0.00000000099999999953 0.00000000099999999953 0.00000000099999999953 0.99999999299999997593 0.00000000099999999953 0.00000000099999999953 0.00000000099999999953 
0.00000000099999999952 0.00000000099999999952 0.00000000099999999952 0.00000000099999999952 0.99999999299999997593 0.00000000099999999952 0.00000000099999999952 0.00000000099999999952 
0.00000000099999999961 0.00000000099999999961 0.00000000099999999961 0.00000000099999999961 0.99999999299999997593 0.00000000099999999961 0.00000000099999999961 0.00000000099999999961 
0.00000000099999999954 0.00000000099999999954 0.00000000099999999954 0.00000000099999999954 0.99999999300000008695 0.00000000099999999954 0.00000000099999999954 0.00000000099999999954 
0.00000000099999999951 0.00000000099999999951 0.00000000099999999951 0.00000000099999999951 0.99999999300000008695 0.00000000099999999951 0.00000000099999999951 0.00000000099999999951 
0.00000000099999999947 0.00000000099999999947 0.00000000099999999947 0.00000000099999999947 0.99999999300000008695 0.00000000099999999947 0.00000000099999999947 0.00000000099999999947 
0.00000000099999999950 0.00000000099999999950 0.00000000099999999950 0.00000000099999999950 0.99999999300000008695 0.00000000099999999950 0.00000000099999999950 0.00000000099999999950 
0.00000000099999999972 0.00000000099999999972 0.00000000099999999972 0.99999999300000008695 0.00000000099999999972 0.00000000099999999972 0.00000000099999999972 0.00000000099999999972 
0.00000000099999999973 0.00000000099999999973 0.00000000099999999973 0.99999999300000008695 0.00000000099999999973 0.00000000099999999973 0.00000000099999999973 0.00000000099999999973 
0.00000000099999999982 0.00000000099999999982 0.00000000099999999982 0.99999999300000008695 0.00000000099999999982 0.00000000099999999982 0.00000000099999999982 0.00000000099999999982 
0.00000000099999999975 0.00000000099999999975 0.00000000099999999975 0.99999999299999997593 0.00000000099999999975 0.00000000099999999975 0.00000000099999999975 0.00000000099999999975 
0.00000000099999999977 0.00000000099999999977 0.00000000099999999977 0.99999999299999997593 0.00000000099999999977 0.00000000099999999977 0.00000000099999999977 0.00000000099999999977 
0.00000000099999999977 0.00000000099999999977 0.00000000099999999977 0.99528217653477613069 0.00000000099999999977 0.00000000099999999977 0.00000000099999999977 0.00471781746522391063 
0.00000000099999999973 0.00000000099999999973 0.00000000099999999973 0.99999999299999997593 0.00000000099999999973 0.00000000099999999973 0.00000000099999999973 0.00000000099999999973 
0.00000000099999999983 0.00000000099999999983 0.00000000099999999983 0.99383031302428459508 0.00000000099999999983 0.00000000099999999983 0.00616968097571535257 0.00000000099999999983 
0.99999999300000019797 0.00000000099999999977 0.00000000099999999977 0.00000000099999999977 0.00000000099999999977 0.00000000099999999977 0.00000000099999999977 0.00000000099999999977 
0.99999999300000008695 0.00000000099999999989 0.00000000099999999989 0.00000000099999999989 0.00000000099999999989 0.00000000099999999989 0.00000000099999999989 0.00000000099999999989 
0.99999999300000019797 0.00000000099999999957 0.00000000099999999957 0.00000000099999999957 0.00000000099999999957 0.00000000099999999957 0.00000000099999999957 0.00000000099999999957 
0.99999999300000008695 0.00000000099999999982 0.00000000099999999982 0.00000000099999999982 0.00000000099999999982 0.00000000099999999982 0.00000000099999999982 0.00000000099999999982 
0.99999999300000008695 0.00000000099999999985 0.00000000099999999985 0.00000000099999999985 0.00000000099999999985 0.00000000099999999985 0.00000000099999999985 0.00000000099999999985 
0.96575778691964142553 0.00000000099999999986 0.00000000099999999986 0.03424220708035875110 0.00000000099999999986 0.00000000099999999986 0.00000000099999999986 0.00000000099999999986 
0.88088333801398210898 0.00000000099999999991 0.04060537712045341613 0.07851127986556466487 0.00000000099999999991 0.00000000099999999991 0.00000000099999999991 0.00000000099999999991 
0.96045536110707940836 0.00000000099999999996 0.00000000099999999996 0.02512478966932453830 0.00000000099999999996 0.01441984422359611495 0.00000000099999999996 0.00000000099999999996 
0.00000000099999999963 0.99999999300000019797 0.00000000099999999963 0.00000000099999999963 0.00000000099999999963 0.00000000099999999963 0.00000000099999999963 0.00000000099999999963 
0.00000000099999999961 0.99999999300000019797 0.00000000099999999961 0.00000000099999999961 0.00000000099999999961 0.00000000099999999961 0.00000000099999999961 0.00000000099999999961 
0.00000000099999999989 0.99999998611256424308 0.00000000099999999989 0.00000000788743589796 0.00000000099999999989 0.00000000099999999989 0.00000000099999999989 0.00000000099999999989 
0.00000000099999999976 0.95889195516261005459 0.00000000099999999976 0.04110803883739008041 0.00000000099999999976 0.00000000099999999976 0.00000000099999999976 0.00000000099999999976 
0.00000000099999999970 0.99999991251339181986 0.00000000099999999970 0.00000008148660818819 0.00000000099999999970 0.00000000099999999970 0.00000000099999999970 0.00000000099999999970 
0.00000000099999999963 0.99999999300000019797 0.00000000099999999963 0.00000000099999999963 0.00000000099999999963 0.00000000099999999963 0.00000000099999999963 0.00000000099999999963 
0.00000000099999999969 0.99999999300000019797 0.00000000099999999969 0.00000000099999999969 0.00000000099999999969 0.00000000099999999969 0.00000000099999999969 0.00000000099999999969 
0.00000000099999999983 0.99999999300000019797 0.00000000099999999983 0.00000000099999999983 0.00000000099999999983 0.00000000099999999983 0.00000000099999999983 0.00000000099999999983 
0.00000000099999999970 0.99999999283848894915 0.00000000099999999970 0.00000000116151117014 0.00000000099999999970 0.00000000099999999970 0.00000000099999999970 0.00000000099999999970 
0.00000000099999999950 0.00000000099999999950 0.00000000099999999950 0.00000000099999999950 0.00000000099999999950 0.99999999299999997593 0.00000000099999999950 0.00000000099999999950 
0.00000000099999999974 0.00000000099999999974 0.00000000099999999974 0.00000000099999999974 0.00000000099999999974 0.99999999300000008695 0.00000000099999999974 0.00000000099999999974 
0.00000000099999999980 0.00000000099999999980 0.10055380339448040383 0.00000000099999999980 0.00000000099999999980 0.89944619060551966871 0.00000000099999999980 0.00000000099999999980 
0.00000000099999999950 0.00000000099999999950 0.00000000099999999950 0.00000000099999999950 0.00000000099999999950 0.99999999299999997593 0.00000000099999999950 0.00000000099999999950 
0.00000000099999999951 0.00000000099999999951 0.00000000099999999951 0.00000000099999999951 0.00000000099999999951 0.99999999300000008695 0.00000000099999999951 0.00000000099999999951 
0.00000000099999999951 0.00000000099999999951 0.00000000099999999951 0.00000000099999999951 0.00000000099999999951 0.99999999300000008695 0.00000000099999999951 0.00000000099999999951 
0.00000000099999999952 0.00000000099999999952 0.00000000099999999952 0.00000000099999999952 0.00000000099999999952 0.99999999299999997593 0.00000000099999999952 0.00000000099999999952 
0.00000000099999999988 0.00000000099999999988 0.00000000099999999988 0.86586688755868801426 0.00000000099999999988 0.13413310644131193339 0.00000000099999999988 0.00000000099999999988 
0.00000000099999999990 0.00000000099999999990 0.00000000099999999990 0.84354361510090147824 0.01228326219027013957 0.14417311770882829114 0.00000000099999999990 0.00000000099999999990 
0.00000000099999999992 0.01753059693800309779 0.00000000099999999992 0.83476712645407979974 0.00000022881504653358 0.14770204379287057983 0.00000000099999999992 0.00000000099999999992 
0.00000000099999999987 0.00000000099999999987 0.00000000099999999987 0.88033818248199302570 0.00000000099999999987 0.11966181151800692195 0.00000000099999999987 0.00000000099999999987 
0.00000000099999999958 0.99999999300000008695 0.00000000099999999958 0.00000000099999999958 0.00000000099999999958 0.00000000099999999958 0.00000000099999999958 0.00000000099999999958 
0.00009951489624081794 0.98022987060519084501 0.01967060949856838659 0.00000000099999999991 0.00000000099999999991 0.00000000099999999991 0.00000000099999999991 0.00000000099999999991 
0.00000000099999999972 0.99999999300000008695 0.00000000099999999972 0.00000000099999999972 0.00000000099999999972 0.00000000099999999972 0.00000000099999999972 0.00000000099999999972 
0.00000000099999999979 0.99999999300000019797 0.00000000099999999979 0.00000000099999999979 0.00000000099999999979 0.00000000099999999979 0.00000000099999999979 0.00000000099999999979 
0.00000000099999999979 0.99999999300000008695 0.00000000099999999979 0.00000000099999999979 0.00000000099999999979 0.00000000099999999979 0.00000000099999999979 0.00000000099999999979 
0.00000000099999999944 0.99999999300000008695 0.00000000099999999944 0.00000000099999999944 0.00000000099999999944 0.00000000099999999944 0.00000000099999999944 0.00000000099999999944 
0.00000000099999999944 0.99999999300000019797 0.00000000099999999944 0.00000000099999999944 0.00000000099999999944 0.00000000099999999944 0.00000000099999999944 0.00000000099999999944 
0.00000000099999999981 0.99999999300000019797 0.00000000099999999981 0.00000000099999999981 0.00000000099999999981 0.00000000099999999981 0.00000000099999999981 0.00000000099999999981 
0.00000000099999999964 0.99999999300000008695 0.00000000099999999964 0.00000000099999999964 0.00000000099999999964 0.00000000099999999964 0.00000000099999999964 0.00000000099999999964 
0.03474652120762540541 0.00000000099999999995 0.00000000099999999995 0.93880887690846048788 0.02644459688391401567 0.00000000099999999995 0.00000000099999999995 0.00000000099999999995 
0.00000000099999999985 0.00160097344735442423 0.00000000099999999985 0.99839902055264562186 0.00000000099999999985 0.00000000099999999985 0.00000000099999999985 0.00000000099999999985 
0.00000000099999999982 0.00000000099999999982 0.00000000099999999982 0.99999999299999997593 0.00000000099999999982 0.00000000099999999982 0.00000000099999999982 0.00000000099999999982 
0.00000000099999999989 0.00000000099999999989 0.00783477128896120298 0.99109784317059412828 0.00106738054044476461 0.00000000099999999989 0.00000000099999999989 0.00000000099999999989 
0.00000000099999999978 0.00000000099999999978 0.00000000099999999978 0.99999999299999997593 0.00000000099999999978 0.00000000099999999978 0.00000000099999999978 0.00000000099999999978 
0.00000000099999999994 0.00000000099999999994 0.00748594430702411405 0.97503135951188124597 0.00000000099999999994 0.00000000099999999994 0.01748269118109476924 0.00000000099999999994 
0.00000000099999999999 0.01521179716453939339 0.03063934251271440909 0.90538767156708499506 0.01225082387408818474 0.00106564328870575398 0.03544471959286719237 0.00000000099999999999 
0.00000000099999999959 0.00000000099999999959 0.00000000099999999959 0.00000000099999999959 0.00000000099999999959 0.00000000099999999959 0.99999999299999986491 0.00000000099999999959 
0.00000000099999999945 0.00000000099999999945 0.00000000099999999945 0.00000000099999999945 0.00000000099999999945 0.00000000099999999945 0.99999999299999997593 0.00000000099999999945 
0.01234134647381714828 0.00000000099999999991 0.00000000099999999991 0.00000000099999999991 0.00000000099999999991 0.00000000099999999991 0.98765864752618270916 0.00000000099999999991 
0.00000000099999999977 0.00000000099999999977 0.00000000099999999977 0.00000000099999999977 0.00000000099999999977 0.00000000099999999977 0.99999999299999986491 0.00000000099999999977 
0.00000000099999999967 0.00000000099999999967 0.00000000099999999967 0.00000000099999999967 0.00000000099999999967 0.00000000099999999967 0.99999999299999986491 0.00000000099999999967 
0.99999999300000008695 0.00000000099999999948 0.00000000099999999948 0.00000000099999999948 0.00000000099999999948 0.00000000099999999948 0.00000000099999999948 0.00000000099999999948 
0.99999999300000019797 0.00000000099999999985 0.00000000099999999985 0.00000000099999999985 0.00000000099999999985 0.00000000099999999985 0.00000000099999999985 0.00000000099999999985 
0.99999999300000019797 0.00000000099999999963 0.00000000099999999963 0.00000000099999999963 0.00000000099999999963 0.00000000099999999963 0.00000000099999999963 0.00000000099999999963 
0.91446873080377311105 0.07661210422610477411 0.00000000099999999994 0.00891915997012224758 0.00000000099999999994 0.00000000099999999994 0.00000000099999999994 0.00000000099999999994 
0.99999999300000019797 0.00000000099999999984 0.00000000099999999984 0.00000000099999999984 0.00000000099999999984 0.00000000099999999984 0.00000000099999999984 0.00000000099999999984 
0.99999999300000019797 0.00000000099999999965 0.00000000099999999965 0.00000000099999999965 0.00000000099999999965 0.00000000099999999965 0.00000000099999999965 0.00000000099999999965 
0.99999999300000008695 0.00000000099999999947 0.00000000099999999947 0.00000000099999999947 0.00000000099999999947 0.00000000099999999947 0.00000000099999999947 0.00000000099999999947 
0.99999999300000008695 0.00000000099999999961 0.00000000099999999961 0.00000000099999999961 0.00000000099999999961 0.00000000099999999961 0.00000000099999999961 0.00000000099999999961 
0.05430618074659447625 0.00000000099999999989 0.23462604923954927250 0.00000000099999999989 0.71106776501385626776 0.00000000099999999989 0.00000000099999999989 0.00000000099999999989 
0.19345771757144791803 0.07354472953879848118 0.16063205856336443267 0.00000000099999999995 0.57236549032638917023 0.00000000099999999995 0.00000000099999999995 0.00000000099999999995 
0.01241096655143540846 0.00828731280353523815 0.35582485797394991511 0.00000091272005918103 0.58357935196387411558 0.02342336482592160055 0.00000000099999999999 0.01647323216122458661 
0.09782962074826362375 0.10736180951931338645 0.19336506503267728019 0.00000000099999999997 0.59880064553417489126 0.00000000099999999997 0.00000000099999999997 0.00264285616557084508 
0.13707308392062847457 0.00000000099999999964 0.19190649766849735003 0.00000000099999999964 0.67102041341087403925 0.00000000099999999964 0.00000000099999999964 0.00000000099999999964 
0.06703354549922077577 0.00000000099999999992 0.32062781270811790968 0.00000000099999999992 0.61233863679266120617 0.00000000099999999992 0.00000000099999999992 0.00000000099999999992 
0.10724993811388623677 0.00000000099999999971 0.23244587571343081067 0.00000000099999999971 0.66030418117268296907 0.00000000099999999971 0.00000000099999999971 0.00000000099999999971 
0.00000000099999999986 0.00000000099999999986 0.00000000099999999986 0.99999999300000008695 0.00000000099999999986 0.00000000099999999986 0.00000000099999999986 0.00000000099999999986 
0.03571023388650779173 0.00000000099999999995 0.00000000448110291113 0.95385107938743585176 0.00000004183066661926 0.01043863741428682074 0.00000000099999999995 0.00000000099999999995 
0.00000000099999999985 0.00000000099999999985 0.00000000099999999985 0.97166199835476130264 0.00000000099999999985 0.02833799564523878031 0.00000000099999999985 0.00000000099999999985 
0.00000000099999999994 0.00000000099999999994 0.01854705202246449344 0.98145294197753552012 0.00000000099999999994 0.00000000099999999994 0.00000000099999999994 0.00000000099999999994 
0.00000000099999999990 0.00000000099999999990 0.00000000099999999990 0.98864827396426724349 0.00000000099999999990 0.01135172003573267120 0.00000000099999999990 0.00000000099999999990 
0.00000000099999999983 0.00000000099999999983 0.00899706841146083632 0.99100292558853919633 0.00000000099999999983 0.00000000099999999983 0.00000000099999999983 0.00000000099999999983 
0.00000000099999999994 0.01024931724768445712 0.00000000099999999994 0.97743898929254668939 0.01231168845976894459 0.00000000099999999994 0.00000000099999999994 0.00000000099999999994 
0.00000000099999999996 0.00000000099999999996 0.00000000099999999996 0.99814004879320539221 0.00000000099999999996 0.00000000099999999996 0.00000000099999999996 0.00185994520679460358 
0.00000000099999999966 0.88439156882777314461 0.00000000099999999966 0.11560842517222703896 0.00000000099999999966 0.00000000099999999966 0.00000000099999999966 0.00000000099999999966 
0.00000000099999999979 0.99999999300000008695 0.00000000099999999979 0.00000000099999999979 0.00000000099999999979 0.00000000099999999979 0.00000000099999999979 0.00000000099999999979 
0.00000000099999999966 0.99999999300000019797 0.00000000099999999966 0.00000000099999999966 0.00000000099999999966 0.00000000099999999966 0.00000000099999999966 0.00000000099999999966 
0.00000000099999999964 0.96848983040015568236 0.00000000099999999964 0.03151016359984449428 0.00000000099999999964 0.00000000099999999964 0.00000000099999999964 0.00000000099999999964 
0.00000000099999999986 0.99999999300000008695 0.00000000099999999986 0.00000000099999999986 0.00000000099999999986 0.00000000099999999986 0.00000000099999999986 0.00000000099999999986 
0.00000000099999999958 0.99997870438617575406 0.00000000099999999958 0.00002128961382449957 0.00000000099999999958 0.00000000099999999958 0.00000000099999999958 0.00000000099999999958 
0.00000000099999999949 0.99999960083669514610 0.00000000099999999949 0.00000039316330492062 0.00000000099999999949 0.00000000099999999949 0.00000000099999999949 0.00000000099999999949 
0.00000000099999999983 0.98861211805274662456 0.00000000099999999983 0.00000000871890370183 0.01138786822834986744 0.00000000099999999983 0.00000000099999999983 0.00000000099999999983 
0.00000000099999999986 0.00000000423436193417 0.01371238793451452602 0.98628760283112348883 0.00000000099999999986 0.00000000099999999986 0.00000000099999999986 0.00000000099999999986 
0.00000000099999999977 0.00000000099999999977 0.00000000099999999977 0.99999999300000008695 0.00000000099999999977 0.00000000099999999977 0.00000000099999999977 0.00000000099999999977 
