0.10478862672263884737 0.00000000099999999992 0.07850112860628222222 0.00000000099999999992 0.00000000099999999992 0.13289980382507976531 0.00000000099999999992 0.00000000099999999992 0.68381043484599901561 0.00000000099999999992 
0.60257587427377756750 0.00000000099999999965 0.00000000099999999965 0.00000000099999999965 0.00000000099999999965 0.00000000099999999965 0.00000000099999999965 0.00000000099999999965 0.39742411772622254773 0.00000000099999999965 
0.85793600493879229596 0.00000000099999999989 0.00000000099999999989 0.00000000099999999989 0.00000000099999999989 0.00000000099999999989 0.00000000099999999989 0.00000000099999999989 0.14206398706120790254 0.00000000099999999989 
0.78043210282197628125 0.00000000099999999988 0.00000000099999999988 0.00000000099999999988 0.00000000099999999988 0.00000000099999999988 0.00000000099999999988 0.00000000099999999988 0.21956788917802383398 0.00000000099999999988 
0.63201964399490706548 0.00000000099999999973 0.00000000099999999973 0.00000000099999999973 0.00000000099999999973 0.00000000099999999973 0.00000000099999999973 0.00000000099999999973 0.36798034800509310527 0.00000000099999999973 
0.00000000099999999973 0.00000000099999999973 0.00000000099999999973 0.00000000099999999973 0.00000000099999999973 0.99999999100000003249 0.00000000099999999973 0.00000000099999999973 0.00000000099999999973 0.00000000099999999973 
0.00000000099999999980 0.00000000099999999980 0.00000000099999999980 0.00000000099999999980 0.00000000099999999980 0.73671762513019234397 0.00000000099999999980 0.00000000099999999980 0.26328236686980766024 0.00000000099999999980 
0.00000000099999999939 0.00000000099999999939 0.00000000099999999939 0.00000000099999999939 0.00000000099999999939 0.99999999100000003249 0.00000000099999999939 0.00000000099999999939 0.00000000099999999939 0.00000000099999999939 
0.00000000099999999948 0.00000000099999999948 0.00000000099999999948 0.00000000099999999948 0.00000000099999999948 0.00000000099999999948 0.00000000099999999948 0.00000000099999999948 0.99999999100000003249 0.00000000099999999948 
0.00000000099999999969 0.00000000099999999969 0.00000000099999999969 0.00000000099999999969 0.00000000099999999969 0.00000000099999999969 0.00000000099999999969 0.00000000099999999969 0.99999999100000003249 0.00000000099999999969 
0.00000000099999999946 0.00000000099999999946 0.00000000099999999946 0.00000000099999999946 0.00000000099999999946 0.00000000099999999946 0.00000000099999999946 0.00000000099999999946 0.99999999100000003249 0.00000000099999999946 
0.00000000099999999951 0.00000000099999999951 0.02673165457101802506 0.00000000099999999951 0.00000000099999999951 0.00000000099999999951 0.00000000099999999951 0.00000000099999999951 0.97326833742898199997 0.00000000099999999951 
0.00000000099999999966 0.00000000099999999966 0.00000000099999999966 0.00000000099999999966 0.00000000099999999966 0.00000000099999999966 0.00000000099999999966 0.00000000099999999966 0.99999999100000003249 0.00000000099999999966 
0.00000000099999999968 0.00000000099999999968 0.04164793214643247588 0.00000000099999999968 0.00000000099999999968 0.00000000099999999968 0.00000000099999999968 0.00000000099999999968 0.95835205985356741731 0.00000000099999999968 
0.00000000099999999984 0.00000000099999999984 0.11022901279003287367 0.02925409128861792760 0.00000000099999999984 0.00000000099999999984 0.00000000099999999984 0.00194339412983121542 0.85857349579151787111 0.00000000099999999984 
0.00000000099999999973 0.00000000099999999973 0.18255790985203401711 0.05181250715070156998 0.00000000099999999973 0.00000000099999999973 0.00000000099999999973 0.00000000099999999973 0.76562957599726444435 0.00000000099999999973 
0.00000000099999999943 0.00000000099999999943 0.00000000099999999943 0.09886664594231249492 0.00000000099999999943 0.00000000099999999943 0.00000000099999999943 0.00000000099999999943 0.00000000099999999943 0.90113334605768746766 
0.00000000099999999952 0.00000000099999999952 0.00000000099999999952 0.10240488615573094255 0.00000000099999999952 0.00000000099999999952 0.00000000099999999952 0.00000000099999999952 0.00000000099999999952 0.89759510584426904778 
0.00000000099999999940 0.00000000099999999940 0.00000000099999999940 0.15634769588239089133 0.00000000099999999940 0.00000000099999999940 0.00000000099999999940 0.00000000099999999940 0.00000000099999999940 0.84365229611760905737 
0.00000000099999999944 0.00000000099999999944 0.00000000099999999944 0.14126758424702984263 0.00000000099999999944 0.00000000099999999944 0.00000000099999999944 0.00000000099999999944 0.00000000099999999944 0.85873240775297021710 
0.00000000099999999944 0.00000000099999999944 0.00000000099999999944 0.14466816468587617717 0.00000000099999999944 0.00000000099999999944 0.00000000099999999944 0.00000000099999999944 0.00000000099999999944 0.85533182731412393807 
0.00000000099999999976 0.00000000099999999976 0.00000000099999999976 0.16111155921496225774 0.00000000099999999976 0.00000000099999999976 0.00000000099999999976 0.00000000099999999976 0.00000000099999999976 0.83888843278503766321 
0.00000000099999999935 0.00000000099999999935 0.00000000099999999935 0.15797174409623707114 0.00000000099999999935 0.00000000099999999935 0.00000000099999999935 0.00000000099999999935 0.00000000099999999935 0.84202824790376296082 
0.00000000099999999948 0.00000000099999999948 0.00000000099999999948 0.13680015414648352690 0.00000000099999999948 0.00000000099999999948 0.00000000099999999948 0.00000000099999999948 0.00000000099999999948 0.86319983785351650507 
0.00000000099999999927 0.00000000099999999927 0.00000000099999999927 0.00000000099999999927 0.00000000099999999927 0.00000000099999999927 0.00000000099999999927 0.99999999100000003249 0.00000000099999999927 0.00000000099999999927 
0.00000000099999999969 0.00000000099999999969 0.00000000099999999969 0.00000000099999999969 0.01860154962249089758 0.00000000099999999969 0.00000000099999999969 0.98139844237750906153 0.00000000099999999969 0.00000000099999999969 
0.00000000099999999910 0.00000000099999999910 0.00000000099999999910 0.00000000099999999910 0.00000000099999999910 0.00000000099999999910 0.00000000099999999910 0.99999999100000003249 0.00000000099999999910 0.00000000099999999910 
0.00000000099999999926 0.00000000099999999926 0.00000000099999999926 0.00000000099999999926 0.00000000099999999926 0.00000000099999999926 0.00000000099999999926 0.99999999100000003249 0.00000000099999999926 0.00000000099999999926 
0.00000000099999999911 0.00000000099999999911 0.00000000099999999911 0.00000000099999999911 0.00000000099999999911 0.00000000099999999911 0.00000000099999999911 0.99999999099999992147 0.00000000099999999911 0.00000000099999999911 
0.00000000099999999958 0.00000000099999999958 0.00000000099999999958 0.00000000099999999958 0.00000000099999999958 0.00000000099999999958 0.00000000099999999958 0.99999999099999992147 0.00000000099999999958 0.00000000099999999958 
0.00000000099999999914 0.00000000099999999914 0.00000000099999999914 0.00000000099999999914 0.00000000099999999914 0.00000000099999999914 0.00000000099999999914 0.99999999099999992147 0.00000000099999999914 0.00000000099999999914 
0.00000000099999999912 0.00000000099999999912 0.00000000099999999912 0.00000000099999999912 0.00000000099999999912 0.00000000099999999912 0.00000000099999999912 0.99999999099999992147 0.00000000099999999912 0.00000000099999999912 
0.00000000099999999989 0.00000000099999999989 0.00000000099999999989 0.00000000099999999989 0.00000000099999999989 0.00000000099999999989 0.00925045213146672221 0.03085823449339410510 0.95989130637513919719 0.00000000099999999989 
0.00000000099999999973 0.00000000099999999973 0.00000000099999999973 0.00000000099999999973 0.00000000099999999973 0.00000000099999999973 0.00000000099999999973 0.00000000099999999973 0.99999999100000003249 0.00000000099999999973 
0.00000000099999999974 0.00000000099999999974 0.00000000099999999974 0.00000000099999999974 0.00000000099999999974 0.00000000099999999974 0.00000000099999999974 0.00000000099999999974 0.99999999100000003249 0.00000000099999999974 
0.00000000099999999920 0.00000000099999999920 0.00000000099999999920 0.99999999100000014352 0.00000000099999999920 0.00000000099999999920 0.00000000099999999920 0.00000000099999999920 0.00000000099999999920 0.00000000099999999920 
0.00000000099999999932 0.00000000099999999932 0.00000000099999999932 0.99999999100000014352 0.00000000099999999932 0.00000000099999999932 0.00000000099999999932 0.00000000099999999932 0.00000000099999999932 0.00000000099999999932 
0.00000000099999999981 0.00000000099999999981 0.00000000099999999981 0.94430837014860813383 0.00000000099999999981 0.00000000099999999981 0.00000000099999999981 0.03304198420092230998 0.00000000099999999981 0.02264963865046954253 
0.00000000099999999992 0.00000000099999999992 0.00000000099999999992 0.93261316615077605174 0.00000000099999999992 0.00731393485818750220 0.00000000099999999992 0.00000000099999999992 0.06007289199103636734 0.00000000099999999992 
0.00000000099999999950 0.00000000099999999950 0.00000000099999999950 0.99999999100000003249 0.00000000099999999950 0.00000000099999999950 0.00000000099999999950 0.00000000099999999950 0.00000000099999999950 0.00000000099999999950 
0.00000000099999999938 0.00000000099999999938 0.00000000099999999938 0.99999999100000014352 0.00000000099999999938 0.00000000099999999938 0.00000000099999999938 0.00000000099999999938 0.00000000099999999938 0.00000000099999999938 
0.00000000099999999942 0.00000000099999999942 0.00000000099999999942 0.00000000099999999942 0.00000000099999999942 0.00000000099999999942 0.00000000099999999942 0.00000000099999999942 0.99999999099999992147 0.00000000099999999942 
0.00000000099999999985 0.00000000099999999985 0.00000000099999999985 0.00000000099999999985 0.00000000099999999985 0.00000000099999999985 0.00000000099999999985 0.00000000099999999985 0.99999999099999992147 0.00000000099999999985 
0.00000000099999999939 0.00000000099999999939 0.00000000099999999939 0.00000000099999999939 0.00000000099999999939 0.00000000099999999939 0.00000000099999999939 0.00000000099999999939 0.99999999100000003249 0.00000000099999999939 
0.00000000099999999926 0.00000000099999999926 0.00000000099999999926 0.00000000099999999926 0.00000000099999999926 0.00000000099999999926 0.00000000099999999926 0.00000000099999999926 0.99999999099999992147 0.00000000099999999926 
0.00000000099999999937 0.00000000099999999937 0.00000000099999999937 0.00000000099999999937 0.00000000099999999937 0.00000000099999999937 0.00000000099999999937 0.00000000099999999937 0.99999999100000003249 0.00000000099999999937 
0.00000000099999999929 0.00000000099999999929 0.00000000099999999929 0.00000000099999999929 0.00000000099999999929 0.00000000099999999929 0.00000000099999999929 0.00000000099999999929 0.99999999100000003249 0.00000000099999999929 
0.00000000099999999933 0.00000000099999999933 0.00000000099999999933 0.00000000099999999933 0.00000000099999999933 0.00000000099999999933 0.00000000099999999933 0.00000000099999999933 0.99999999100000003249 0.00000000099999999933 
0.00000000099999999929 0.00000000099999999929 0.01706654255427230218 0.00000000099999999929 0.00000000099999999929 0.00000000099999999929 0.00000000099999999929 0.00000000099999999929 0.98293344944572758060 0.00000000099999999929 
0.00000000099999999935 0.00000000099999999935 0.00000000099999999935 0.00000000099999999935 0.99999999100000003249 0.00000000099999999935 0.00000000099999999935 0.00000000099999999935 0.00000000099999999935 0.00000000099999999935 
0.00000000099999999986 0.00000000099999999986 0.00000000099999999986 0.00000000099999999986 0.97841054731240428843 0.00000000099999999986 0.02158944468759570190 0.00000000099999999986 0.00000000099999999986 0.00000000099999999986 
0.00000000099999999935 0.00000000099999999935 0.00000000099999999935 0.00000000099999999935 0.99999999100000003249 0.00000000099999999935 0.00000000099999999935 0.00000000099999999935 0.00000000099999999935 0.00000000099999999935 
0.00000000099999999952 0.00000000099999999952 0.00000000099999999952 0.00000000099999999952 0.99999999100000003249 0.00000000099999999952 0.00000000099999999952 0.00000000099999999952 0.00000000099999999952 0.00000000099999999952 
0.00000000099999999942 0.00000000099999999942 0.00000000099999999942 0.00000000099999999942 0.99999999100000014352 0.00000000099999999942 0.00000000099999999942 0.00000000099999999942 0.00000000099999999942 0.00000000099999999942 
0.00000000099999999989 0.00000000099999999989 0.00000000099999999989 0.00000000099999999989 0.99999999100000003249 0.00000000099999999989 0.00000000099999999989 0.00000000099999999989 0.00000000099999999989 0.00000000099999999989 
0.00000000099999999977 0.00000000099999999977 0.00000000099999999977 0.00000000099999999977 0.99999999100000014352 0.00000000099999999977 0.00000000099999999977 0.00000000099999999977 0.00000000099999999977 0.00000000099999999977 
0.00000000099999999986 0.00000000099999999986 0.00000000099999999986 0.00000000099999999986 0.99999999100000003249 0.00000000099999999986 0.00000000099999999986 0.00000000099999999986 0.00000000099999999986 0.00000000099999999986 
0.00000000099999999978 0.00000000099999999978 0.00000000099999999978 0.00000000099999999978 0.00000000099999999978 0.00000000099999999978 0.00000000099999999978 0.00000000099999999978 0.99999999100000003249 0.00000000099999999978 
0.09007744063993683437 0.00000000099999999986 0.00000000099999999986 0.02790843941964028102 0.00000000099999999986 0.00000000099999999986 0.00000000099999999986 0.00000000099999999986 0.88201411294042297850 0.00000000099999999986 
0.03445338621069435336 0.00000000099999999987 0.00000000099999999987 0.00000000099999999987 0.00000000099999999987 0.00000000099999999987 0.00000000099999999987 0.00000000099999999987 0.96554660578930562309 0.00000000099999999987 
0.00988787561032775444 0.00000000099999999987 0.00000000099999999987 0.00949333576907825105 0.00000000099999999987 0.00000000099999999987 0.00000000099999999987 0.00000000099999999987 0.98061878162059390451 0.00000000099999999987 
0.00000000099999999988 0.00000000099999999988 0.00000000099999999988 0.00000000099999999988 0.00621010400107376796 0.00000000099999999988 0.00000000099999999988 0.00000000099999999988 0.99378988799892620243 0.00000000099999999988 
0.00000000099999999986 0.00000000099999999986 0.00000000099999999986 0.00803831223820073923 0.00000000099999999986 0.00000000099999999986 0.00000000099999999986 0.00000000099999999986 0.99196167976179916437 0.00000000099999999986 
0.00000000099999999974 0.00000000099999999974 0.00000000099999999974 0.00000000099999999974 0.00000000099999999974 0.00000000099999999974 0.00000000099999999974 0.00000000099999999974 0.99999999099999992147 0.00000000099999999974 
0.02310769038108596504 0.00000000099999999990 0.00000000099999999990 0.00000000099999999990 0.00000000099999999990 0.00000000099999999990 0.00000000099999999990 0.00000000099999999990 0.97689230161891404958 0.00000000099999999990 
0.29313581982484809840 0.00000000099999999985 0.00000000099999999985 0.00000000099999999985 0.00000000099999999985 0.00000000099999999985 0.00000000099999999985 0.00000000099999999985 0.70686417217515173927 0.00000000099999999985 
0.32069426669737371993 0.00000000099999999963 0.00000000099999999963 0.00000000099999999963 0.00000000099999999963 0.00000000099999999963 0.00000000099999999963 0.00000000099999999963 0.67930572530262600672 0.00000000099999999963 
0.41102250388393551939 0.00000000099999999958 0.00000000099999999958 0.00000000099999999958 0.00000000099999999958 0.00000000099999999958 0.00000000099999999958 0.00000000099999999958 0.58897748811606420727 0.00000000099999999958 
0.35496912501344213275 0.00000000099999999991 0.00000000099999999991 0.00000000099999999991 0.00000000099999999991 0.00000000099999999991 0.00000000099999999991 0.00770636236975591124 0.63732450561680176193 0.00000000099999999991 
0.31802156510284240731 0.00000000099999999995 0.12237985094169256950 0.00000184291766989473 0.00959563693733490874 0.00000000099999999995 0.00676289044719554418 0.00510541016412121174 0.53813280048914324816 0.00000000099999999995 
0.25918628230663282030 0.02584619363334756878 0.13549037496431476368 0.00000000099999999996 0.00000000099999999996 0.00000000099999999996 0.02304558869599449694 0.02494603045281190701 0.53148552594689835171 0.00000000099999999996 
0.40513761609154985699 0.00000000099999999979 0.15270747817041249728 0.00000000099999999979 0.00000000099999999979 0.00000000099999999979 0.00000000099999999979 0.00000000099999999979 0.44215489873803776044 0.00000000099999999979 
0.27879647849062999532 0.00000000099999999980 0.18504632935071452238 0.00000000099999999980 0.00000000099999999980 0.00000000099999999980 0.00000000099999999980 0.00000000099999999980 0.53615718515865529170 0.00000000099999999980 
0.29159868443130509963 0.00000000099999999965 0.00000000099999999965 0.00000000099999999965 0.00000000099999999965 0.00000000099999999965 0.00000000099999999965 0.00000000099999999965 0.70840130756869468254 0.00000000099999999965 
0.13950709736750238621 0.00000000099999999974 0.17428420272445391270 0.00000000099999999974 0.00000000099999999974 0.00000000099999999974 0.00000000099999999974 0.02741127166817629301 0.65879742223986725858 0.00000000099999999974 
0.17841807815253576952 0.00000000099999999966 0.14163333843522735167 0.00000000099999999966 0.00000000099999999966 0.00000000099999999966 0.00000000099999999966 0.00000000099999999966 0.67994857641223671596 0.00000000099999999966 
0.15786217211136521765 0.00000000099999999958 0.17538146361817949503 0.00000000099999999958 0.00000000099999999958 0.00000000099999999958 0.00000000099999999958 0.00000000099999999958 0.66675635727045501344 0.00000000099999999958 
0.14038827146153959324 0.00000000099999999979 0.00000000099999999979 0.00000000099999999979 0.00000000099999999979 0.00000000099999999979 0.00000000099999999979 0.00000000099999999979 0.85961172053846024443 0.00000000099999999979 
0.30807598460595686518 0.00000000099999999970 0.00000000099999999970 0.00000000099999999970 0.00000000099999999970 0.00000000099999999970 0.00000000099999999970 0.00000000099999999970 0.69192400739404291699 0.00000000099999999970 
0.25799583601573417013 0.00000000099999999969 0.00000000099999999969 0.00000000099999999969 0.00000000099999999969 0.00000000099999999969 0.00000000099999999969 0.00000000099999999969 0.74200415598426561203 0.00000000099999999969 
0.36665335443123459047 0.00000000099999999984 0.16739455617878767901 0.00000000099999999984 0.00000000099999999984 0.00000000099999999984 0.00000000099999999984 0.01768823693711379236 0.44826384645286387887 0.00000000099999999984 
0.00000000099999999984 0.00000000099999999984 0.00000000099999999984 0.05831092425264575163 0.94168891230136742010 0.00000000099999999984 0.00000000099999999984 0.00000000099999999984 0.00000000099999999984 0.00000015644598689388 
0.00000000099999999969 0.00000000099999999969 0.00000000099999999969 0.12861146008751805914 0.87138853191248188956 0.00000000099999999969 0.00000000099999999969 0.00000000099999999969 0.00000000099999999969 0.00000000099999999969 
0.00000000099999999981 0.00000000099999999981 0.00000000099999999981 0.20709158942846930818 0.79290840257153083481 0.00000000099999999981 0.00000000099999999981 0.00000000099999999981 0.00000000099999999981 0.00000000099999999981 
0.00000000099999999983 0.00000000099999999983 0.00000000099999999983 0.05430309615252054689 0.94569689584747962385 0.00000000099999999983 0.00000000099999999983 0.00000000099999999983 0.00000000099999999983 0.00000000099999999983 
0.00000000099999999988 0.00000000099999999988 0.00000000099999999988 0.10940643244167219672 0.89059355955832797402 0.00000000099999999988 0.00000000099999999988 0.00000000099999999988 0.00000000099999999988 0.00000000099999999988 
0.00000000099999999989 0.00000000099999999989 0.00000000099999999989 0.05575837714270987650 0.91767052110355473715 0.00000000099999999989 0.00000000099999999989 0.00000000099999999989 0.02657109475373553575 0.00000000099999999989 
0.00000000099999999993 0.00000000099999999993 0.00000000099999999993 0.00000000099999999993 0.99999999100000003249 0.00000000099999999993 0.00000000099999999993 0.00000000099999999993 0.00000000099999999993 0.00000000099999999993 
0.00000000099999999956 0.00000000099999999956 0.00000000099999999956 0.08583301554632834229 0.91416697645367184233 0.00000000099999999956 0.00000000099999999956 0.00000000099999999956 0.00000000099999999956 0.00000000099999999956 
0.03744332330677586917 0.00000000099999999958 0.00000000099999999958 0.00000000099999999958 0.00000000099999999958 0.00000000099999999958 0.00000000099999999958 0.00000000099999999958 0.96255666869322398238 0.00000000099999999958 
0.02638685700990397662 0.08886014919858850614 0.11002860884606405212 0.00000000099999999991 0.00000000099999999991 0.00000000099999999991 0.00000000099999999991 0.00000000099999999991 0.77472437894544332604 0.00000000099999999991 
0.09287442761148996528 0.00000000099999999992 0.00000000099999999992 0.00000000099999999992 0.00000000099999999992 0.00000000099999999992 0.00000000099999999992 0.00000000099999999992 0.89406136353945653283 0.01306420184905343965 
0.12858620159501993330 0.00000000099999999990 0.00000000099999999990 0.00000000099999999990 0.00097963698440853742 0.00000000099999999990 0.00000000099999999990 0.00000000099999999990 0.87043415442057148201 0.00000000099999999990 
0.06823429886670162592 0.00000000099999999974 0.00000000099999999974 0.00000000099999999974 0.00000000099999999974 0.00000000099999999974 0.00000000099999999974 0.00000000099999999974 0.93176569313329837829 0.00000000099999999974 
0.00000000099999999943 0.00000000099999999943 0.00000000099999999943 0.00000000099999999943 0.00000000099999999943 0.00000000099999999943 0.00000000099999999943 0.00000000099999999943 0.99999999100000003249 0.00000000099999999943 
0.06335408611102409659 0.00000000099999999982 0.00421768928521076489 0.00680339286416804974 0.00000000099999999982 0.00000000099999999982 0.00000000099999999982 0.00000000099999999982 0.92562482573959703469 0.00000000099999999982 
0.11876823092536145654 0.00000000099999999937 0.00888349295625575491 0.00000000099999999937 0.00000000099999999937 0.00000000099999999937 0.00000000099999999937 0.00000000099999999937 0.87234826911838270203 0.00000000099999999937 
0.12121527790821123860 0.00000000099999999953 0.87878471409178893214 0.00000000099999999953 0.00000000099999999953 0.00000000099999999953 0.00000000099999999953 0.00000000099999999953 0.00000000099999999953 0.00000000099999999953 
0.08200258548194029606 0.00000000099999999980 0.80874582278879547648 0.00000000099999999980 0.00000000099999999980 0.00000000099999999980 0.00000000099999999980 0.00000000099999999980 0.10925158472926436992 0.00000000099999999980 
0.14529640201677795908 0.00000000099999999979 0.83024057608760115645 0.00000000099999999979 0.00000000099999999979 0.00000000099999999979 0.00000000099999999979 0.00000000099999999979 0.02446301489562100265 0.00000000099999999979 
0.17824175914536724563 0.00000000099999999945 0.82175823285463289736 0.00000000099999999945 0.00000000099999999945 0.00000000099999999945 0.00000000099999999945 0.00000000099999999945 0.00000000099999999945 0.00000000099999999945 
0.12250336716624733724 0.00000000099999999938 0.87749662483375290289 0.00000000099999999938 0.00000000099999999938 0.00000000099999999938 0.00000000099999999938 0.00000000099999999938 0.00000000099999999938 0.00000000099999999938 
0.19440756227147429347 0.00000000099999999943 0.80559242972852573850 0.00000000099999999943 0.00000000099999999943 0.00000000099999999943 0.00000000099999999943 0.00000000099999999943 0.00000000099999999943 0.00000000099999999943 
0.31195113272512109415 0.00000000099999999996 0.66626216923485259702 0.02178668688187742133 0.00000000099999999996 0.00000000099999999996 0.00000000099999999996 0.00000000099999999996 0.00000000099999999996 0.00000000515814910607 
0.00000000099999999956 0.00000000099999999956 0.00000000099999999956 0.24964736424218919586 0.66101740376504203311 0.00000000099999999956 0.00000000099999999956 0.00000000099999999956 0.00000000099999999956 0.08933522499276894124 
0.00000000099999999944 0.00000000099999999944 0.00000000099999999944 0.26879420328823738773 0.52242934290928288998 0.00000000099999999944 0.00000000099999999944 0.00000000099999999944 0.00000000099999999944 0.20877644680247980924 
0.00000000099999999949 0.00000000099999999949 0.00000000099999999949 0.17246344987034764595 0.65204768946769853244 0.00000000099999999949 0.00000000099999999949 0.00000000099999999949 0.00000000099999999949 0.17548885366195390856 
0.00000000099999999943 0.00000000099999999943 0.00000000099999999943 0.27393516345982943383 0.49591450501324402245 0.00000000099999999943 0.00000000099999999943 0.00000000099999999943 0.00000000099999999943 0.23015032452692671394 
0.00000000099999999955 0.00000000099999999955 0.00000000099999999955 0.25330036670981886937 0.52145069704582802661 0.00000000099999999955 0.00000000099999999955 0.00000000099999999955 0.00000000099999999955 0.22524892924435316321 
0.00000000099999999986 0.00000000099999999986 0.00000000099999999986 0.14930161128348312660 0.68372979219569196552 0.00000000099999999986 0.00000000099999999986 0.00000355561385699044 0.00000000099999999986 0.16696503490696806837 
0.00000000099999999926 0.00000000099999999926 0.00000000099999999926 0.38877400601593653517 0.00000000099999999926 0.00000000099999999926 0.00000000099999999926 0.00000000099999999926 0.00000000099999999926 0.61122598598406319148 
0.00000000099999999943 0.00000000099999999943 0.00000000099999999943 0.34463090957953818050 0.00000000099999999943 0.00000000099999999943 0.00000000099999999943 0.00000000099999999943 0.00000000099999999943 0.65536908242046176820 
0.00000000099999999936 0.00000000099999999936 0.00000000099999999936 0.33508813278936244728 0.00000000099999999936 0.00000000099999999936 0.00000000099999999936 0.00000000099999999936 0.00000000099999999936 0.66491185921063744590 
0.00000000099999999928 0.00000000099999999928 0.00000000099999999928 0.40081433355254020290 0.00000000099999999928 0.00000000099999999928 0.00000000099999999928 0.00000000099999999928 0.00000000099999999928 0.59918565844745963478 
0.00000000099999999927 0.00000000099999999927 0.00000000099999999927 0.42187559986531081302 0.00000000099999999927 0.00000000099999999927 0.00000000099999999927 0.00000000099999999927 0.00000000099999999927 0.57812439213468891364 
0.00000000099999999925 0.00000000099999999925 0.00000000099999999925 0.39997682182015903418 0.00000000099999999925 0.00000000099999999925 0.00000000099999999925 0.00000000099999999925 0.00000000099999999925 0.60002317017984085901 
0.00000000099999999933 0.00000000099999999933 0.00000000099999999933 0.29614811480903024954 0.00000000099999999933 0.00000000099999999933 0.00000000099999999933 0.00000000099999999933 0.00000000099999999933 0.70385187719096975467 
0.00000000099999999929 0.00000000099999999929 0.00000000099999999929 0.30788122016343594245 0.00000000099999999929 0.00000000099999999929 0.00000000099999999929 0.00000000099999999929 0.00000000099999999929 0.69211877183656378421 
0.00000000099999999932 0.00000000099999999932 0.00000000099999999932 0.00000000099999999932 0.00000000099999999932 0.00000000099999999932 0.00000000099999999932 0.00000000099999999932 0.00000000099999999932 0.99999999100000003249 
0.00000000099999999936 0.00000000099999999936 0.00000000099999999936 0.00000000099999999936 0.00000000099999999936 0.00000000099999999936 0.00000000099999999936 0.00000000099999999936 0.00000000099999999936 0.99999999099999992147 
0.00000000099999999936 0.00000000099999999936 0.00000000099999999936 0.00000000099999999936 0.00000000099999999936 0.00000000099999999936 0.00000000099999999936 0.00000000099999999936 0.00000000099999999936 0.99999999099999992147 
0.00000000099999999947 0.00000000099999999947 0.00000000099999999947 0.00000000099999999947 0.00000000099999999947 0.00000000099999999947 0.00000000099999999947 0.00000000099999999947 0.00000000099999999947 0.99999999100000003249 
0.00000000099999999938 0.00000000099999999938 0.00000000099999999938 0.00000000099999999938 0.00000000099999999938 0.00000000099999999938 0.00000000099999999938 0.00000000099999999938 0.00000000099999999938 0.99999999099999992147 
0.00000000099999999934 0.00000000099999999934 0.00000000099999999934 0.00000000099999999934 0.00000000099999999934 0.00000000099999999934 0.00000000099999999934 0.00000000099999999934 0.00000000099999999934 0.99999999100000003249 
0.00000000099999999929 0.00000000099999999929 0.00000000099999999929 0.00000000099999999929 0.00000000099999999929 0.00000000099999999929 0.00000000099999999929 0.00000000099999999929 0.00000000099999999929 0.99999999099999992147 
0.00000000099999999931 0.00000000099999999931 0.00000000099999999931 0.00000000099999999931 0.00000000099999999931 0.00000000099999999931 0.00000000099999999931 0.00000000099999999931 0.00000000099999999931 0.99999999100000003249 
0.00000000099999999966 0.00000000099999999966 0.00000000099999999966 0.00000000099999999966 0.00000000099999999966 0.00000000099999999966 0.00000000099999999966 0.00000000099999999966 0.99999999100000003249 0.00000000099999999966 
0.00000000099999999966 0.00000000099999999966 0.00000000099999999966 0.00000000099999999966 0.00000000099999999966 0.00000000099999999966 0.00000000099999999966 0.00000000099999999966 0.99999999100000003249 0.00000000099999999966 
0.00000000099999999973 0.00000000099999999973 0.00000000099999999973 0.00000000099999999973 0.00000000099999999973 0.00000000099999999973 0.00000000099999999973 0.00000000099999999973 0.99999999100000003249 0.00000000099999999973 
0.00000000099999999970 0.00000000099999999970 0.00000000099999999970 0.00000000099999999970 0.00000000099999999970 0.00000000099999999970 0.00000000099999999970 0.00000000099999999970 0.99999999099999992147 0.00000000099999999970 
0.00000000099999999966 0.00000000099999999966 0.00000000099999999966 0.00000000099999999966 0.00000000099999999966 0.00000000099999999966 0.00000000099999999966 0.00000000099999999966 0.99999999099999992147 0.00000000099999999966 
0.00000000099999999970 0.00000000099999999970 0.00000000099999999970 0.00000000099999999970 0.00000000099999999970 0.00492582995978225070 0.00000000099999999970 0.00000000099999999970 0.99507416204021770234 0.00000000099999999970 
0.00000000099999999966 0.00000000099999999966 0.00000000099999999966 0.00000000099999999966 0.00000000099999999966 0.00000000099999999966 0.00000000099999999966 0.00000000099999999966 0.99999999099999992147 0.00000000099999999966 
0.00000000099999999977 0.00000000099999999977 0.00000000099999999977 0.00000000099999999977 0.00000000099999999977 0.00000000099999999977 0.00584780627268722056 0.00000000099999999977 0.99415218572731278712 0.00000000099999999977 
0.00000000099999999970 0.00000000099999999970 0.00000000099999999970 0.99999999100000003249 0.00000000099999999970 0.00000000099999999970 0.00000000099999999970 0.00000000099999999970 0.00000000099999999970 0.00000000099999999970 
0.00000000099999999985 0.00000000099999999985 0.00000000099999999985 0.99999999100000014352 0.00000000099999999985 0.00000000099999999985 0.00000000099999999985 0.00000000099999999985 0.00000000099999999985 0.00000000099999999985 
0.00000000099999999944 0.00000000099999999944 0.00000000099999999944 0.99999999100000014352 0.00000000099999999944 0.00000000099999999944 0.00000000099999999944 0.00000000099999999944 0.00000000099999999944 0.00000000099999999944 
0.00000000099999999976 0.00000000099999999976 0.00000000099999999976 0.99999999100000003249 0.00000000099999999976 0.00000000099999999976 0.00000000099999999976 0.00000000099999999976 0.00000000099999999976 0.00000000099999999976 
0.00000000099999999981 0.00000000099999999981 0.00000000099999999981 0.99999999100000003249 0.00000000099999999981 0.00000000099999999981 0.00000000099999999981 0.00000000099999999981 0.00000000099999999981 0.00000000099999999981 
0.00000000099999999982 0.00000000099999999982 0.00000000099999999982 0.96600964315780479819 0.00000000099999999982 0.00000000099999999982 0.00000000099999999982 0.00000000099999999982 0.03399034884219512970 0.00000000099999999982 
0.08027535728926350755 0.00000000099999999988 0.00000000099999999988 0.88596347875230785363 0.03376115695842863557 0.00000000099999999988 0.00000000099999999988 0.00000000099999999988 0.00000000099999999988 0.00000000099999999988 
0.02296039290734905314 0.01254524827659399266 0.00000000099999999995 0.96020830657179001566 0.00000000099999999995 0.00000000099999999995 0.00000000099999999995 0.00000000099999999995 0.00428604624426704404 0.00000000099999999995 
0.00000000099999999958 0.00000000099999999958 0.99850786097610588765 0.00000000099999999958 0.00000000099999999958 0.00000000099999999958 0.00000000099999999958 0.00000000099999999958 0.00149213102389422259 0.00000000099999999958 
0.00000000099999999954 0.00000000099999999954 0.99999999100000014352 0.00000000099999999954 0.00000000099999999954 0.00000000099999999954 0.00000000099999999954 0.00000000099999999954 0.00000000099999999954 0.00000000099999999954 
0.00000000099999999986 0.00000000099999999986 0.99999999100000014352 0.00000000099999999986 0.00000000099999999986 0.00000000099999999986 0.00000000099999999986 0.00000000099999999986 0.00000000099999999986 0.00000000099999999986 
0.00000000099999999973 0.00000000099999999973 0.94113045175748177851 0.00000000099999999973 0.00000000099999999973 0.00000000099999999973 0.00000000099999999973 0.00000000099999999973 0.05886954024251830203 0.00000000099999999973 
0.00000000099999999964 0.00000000099999999964 0.99999999100000003249 0.00000000099999999964 0.00000000099999999964 0.00000000099999999964 0.00000000099999999964 0.00000000099999999964 0.00000000099999999964 0.00000000099999999964 
0.00000000099999999956 0.00000000099999999956 0.99999999100000014352 0.00000000099999999956 0.00000000099999999956 0.00000000099999999956 0.00000000099999999956 0.00000000099999999956 0.00000000099999999956 0.00000000099999999956 
0.00000000099999999963 0.00000000099999999963 0.99999999100000003249 0.00000000099999999963 0.00000000099999999963 0.00000000099999999963 0.00000000099999999963 0.00000000099999999963 0.00000000099999999963 0.00000000099999999963 
0.00000000099999999980 0.00000000099999999980 0.99999999100000014352 0.00000000099999999980 0.00000000099999999980 0.00000000099999999980 0.00000000099999999980 0.00000000099999999980 0.00000000099999999980 0.00000000099999999980 
0.00425006554158734694 0.00000000099999999966 0.99574987305821693884 0.00000000099999999966 0.00000000099999999966 0.00000000099999999966 0.00000000099999999966 0.00000000099999999966 0.00000005440019590190 0.00000000099999999966 
0.00000000099999999892 0.99999999100000003249 0.00000000099999999892 0.00000000099999999892 0.00000000099999999892 0.00000000099999999892 0.00000000099999999892 0.00000000099999999892 0.00000000099999999892 0.00000000099999999892 
0.00000000099999999957 0.99999999100000025454 0.00000000099999999957 0.00000000099999999957 0.00000000099999999957 0.00000000099999999957 0.00000000099999999957 0.00000000099999999957 0.00000000099999999957 0.00000000099999999957 
0.00000000099999999969 0.89393196421060971968 0.00000000099999999969 0.00000000099999999969 0.10606802778939049270 0.00000000099999999969 0.00000000099999999969 0.00000000099999999969 0.00000000099999999969 0.00000000099999999969 
0.00000000099999999896 0.99999999100000014352 0.00000000099999999896 0.00000000099999999896 0.00000000099999999896 0.00000000099999999896 0.00000000099999999896 0.00000000099999999896 0.00000000099999999896 0.00000000099999999896 
0.00000000099999999901 0.99999999100000014352 0.00000000099999999901 0.00000000099999999901 0.00000000099999999901 0.00000000099999999901 0.00000000099999999901 0.00000000099999999901 0.00000000099999999901 0.00000000099999999901 
0.00000000099999999896 0.99999999100000014352 0.00000000099999999896 0.00000000099999999896 0.00000000099999999896 0.00000000099999999896 0.00000000099999999896 0.00000000099999999896 0.00000000099999999896 0.00000000099999999896 
0.00000000099999999907 0.99999999100000025454 0.00000000099999999907 0.00000000099999999907 0.00000000099999999907 0.00000000099999999907 0.00000000099999999907 0.00000000099999999907 0.00000000099999999907 0.00000000099999999907 
0.99999999100000014352 0.00000000099999999973 0.00000000099999999973 0.00000000099999999973 0.00000000099999999973 0.00000000099999999973 0.00000000099999999973 0.00000000099999999973 0.00000000099999999973 0.00000000099999999973 
0.99999999100000014352 0.00000000099999999979 0.00000000099999999979 0.00000000099999999979 0.00000000099999999979 0.00000000099999999979 0.00000000099999999979 0.00000000099999999979 0.00000000099999999979 0.00000000099999999979 
0.99890183500710783004 0.00109815699289239274 0.00000000099999999979 0.00000000099999999979 0.00000000099999999979 0.00000000099999999979 0.00000000099999999979 0.00000000099999999979 0.00000000099999999979 0.00000000099999999979 
0.99999999100000014352 0.00000000099999999974 0.00000000099999999974 0.00000000099999999974 0.00000000099999999974 0.00000000099999999974 0.00000000099999999974 0.00000000099999999974 0.00000000099999999974 0.00000000099999999974 
0.00000000099999999950 0.00000000099999999950 0.99999999100000014352 0.00000000099999999950 0.00000000099999999950 0.00000000099999999950 0.00000000099999999950 0.00000000099999999950 0.00000000099999999950 0.00000000099999999950 
0.02757122937007609048 0.00000000099999999987 0.95460769099643083546 0.00000000099999999987 0.01782107263349316795 0.00000000099999999987 0.00000000099999999987 0.00000000099999999987 0.00000000099999999987 0.00000000099999999987 
0.00000000099999999971 0.00000000099999999971 0.99999901236690558193 0.00000000099999999971 0.00000000099999999971 0.00000000099999999971 0.00000000099999999971 0.00000000099999999971 0.00000097963309460493 0.00000000099999999971 
0.00000000099999999970 0.00000000099999999970 0.99999999100000014352 0.00000000099999999970 0.00000000099999999970 0.00000000099999999970 0.00000000099999999970 0.00000000099999999970 0.00000000099999999970 0.00000000099999999970 
0.00000000099999999971 0.00000000099999999971 0.99999999100000014352 0.00000000099999999971 0.00000000099999999971 0.00000000099999999971 0.00000000099999999971 0.00000000099999999971 0.00000000099999999971 0.00000000099999999971 
0.00000000099999999932 0.00000000099999999932 0.99999999100000003249 0.00000000099999999932 0.00000000099999999932 0.00000000099999999932 0.00000000099999999932 0.00000000099999999932 0.00000000099999999932 0.00000000099999999932 
0.00000000099999999931 0.00000000099999999931 0.99999999100000014352 0.00000000099999999931 0.00000000099999999931 0.00000000099999999931 0.00000000099999999931 0.00000000099999999931 0.00000000099999999931 0.00000000099999999931 
0.00000000099999999973 0.00000000099999999973 0.99272274557007911255 0.00000000099999999973 0.00000000099999999973 0.00000000099999999973 0.00000000099999999973 0.00000000099999999973 0.00727724642992099921 0.00000000099999999973 
0.00000000099999999959 0.00000000099999999959 0.99999999100000014352 0.00000000099999999959 0.00000000099999999959 0.00000000099999999959 0.00000000099999999959 0.00000000099999999959 0.00000000099999999959 0.00000000099999999959 
0.52218666465336882609 0.00000000099999999992 0.00000000099999999992 0.05212928653690591246 0.00000000099999999992 0.00000000099999999992 0.00000000099999999992 0.00000000099999999992 0.42568404180972552187 0.00000000099999999992 
0.66751644444732161077 0.00000000099999999961 0.00000000099999999961 0.00000000099999999961 0.00000000099999999961 0.00000000099999999961 0.00000000099999999961 0.00000000099999999961 0.33248354755267861549 0.00000000099999999961 
