0.06046183499301947817 0.00000000099999999995 0.00000000099999999995 0.80609430666087111828 0.13344385434610930852 0.00000000099999999995 0.00000000099999999995 
0.00000000099999999991 0.00000000099999999991 0.00000000099999999991 0.99534052606099387983 0.00465946893900616443 0.00000000099999999991 0.00000000099999999991 
0.00000000099999999997 0.00000000099999999997 0.00166327993219419655 0.98821155928038739713 0.01012515678741851728 0.00000000099999999997 0.00000000099999999997 
0.03755507387086845505 0.00000000099999999995 0.00000000099999999995 0.96244492112913160309 0.00000000099999999995 0.00000000099999999995 0.00000000099999999995 
0.00000000099999999996 0.00000000099999999996 0.00699029985624911952 0.99300969514375081459 0.00000000099999999996 0.00000000099999999996 0.00000000099999999996 
0.00000000099999999982 0.00000000099999999982 0.00000000099999999982 0.00000000099999999982 0.99999999400000005867 0.00000000099999999982 0.00000000099999999982 
0.00000000099999999986 0.00000000099999999986 0.00000000099999999986 0.26855869721752922974 0.73144129778247080065 0.00000000099999999986 0.00000000099999999986 
0.00000000099999999960 0.00000000099999999960 0.00000000099999999960 0.00000000099999999960 0.99999999400000005867 0.00000000099999999960 0.00000000099999999960 
0.00000064797654474225 0.00000000099999999966 0.00000000099999999966 0.99999934702345527615 0.00000000099999999966 0.00000000099999999966 0.00000000099999999966 
0.00000000099999999981 0.01650496385349192047 0.00000000099999999981 0.98349503114650804747 0.00000000099999999981 0.00000000099999999981 0.00000000099999999981 
0.00000000099999999964 0.00000000099999999964 0.00000000099999999964 0.99999999400000005867 0.00000000099999999964 0.00000000099999999964 0.00000000099999999964 
0.02643078897310915942 0.00000000099999999970 0.00000000099999999970 0.97356920602689100974 0.00000000099999999970 0.00000000099999999970 0.00000000099999999970 
0.00000000099999999979 0.01581212438199799258 0.00000000099999999979 0.98418787061800205862 0.00000000099999999979 0.00000000099999999979 0.00000000099999999979 
0.03572360434900467147 0.01507132887892233264 0.00000000099999999980 0.94920506277207294943 0.00000000099999999980 0.00000000099999999980 0.00000000099999999980 
0.10694474085332374147 0.00000000099999999986 0.00000000099999999986 0.86581593718350702282 0.00000000099999999986 0.02723931796316925863 0.00000000099999999986 
0.14298369082596865121 0.00000000099999999978 0.00000000099999999978 0.80856213157660627999 0.00000000099999999978 0.04845417359742500152 0.00000000099999999978 
0.00000000099999999962 0.88919159169657568942 0.00000000099999999962 0.00000000099999999962 0.00000000099999999962 0.11080840330342425770 0.00000000099999999962 
0.00000000099999999967 0.89305710395389836798 0.00000000099999999967 0.00000000099999999967 0.00000000099999999967 0.10694289104610159302 0.00000000099999999967 
0.00000000099999999958 0.85575123523510743251 0.00000000099999999958 0.00000000099999999958 0.00000000099999999958 0.14424875976489259788 0.00000000099999999958 
0.00000000099999999962 0.86801031763707758859 0.00000000099999999962 0.00000000099999999962 0.00000000099999999962 0.13198967736292255282 0.00000000099999999962 
0.00000000099999999963 0.84905569525875657089 0.00000000099999999963 0.00000000099999999963 0.00000000099999999963 0.15094429974124343175 0.00000000099999999963 
0.01009340437228600264 0.78918970130067611635 0.00000000099999999988 0.00000000099999999988 0.00000000099999999988 0.20071689032703796118 0.00000000099999999988 
0.00000000099999999956 0.84151769582394042590 0.00000000099999999956 0.00000000099999999956 0.00000000099999999956 0.15848229917605960448 0.00000000099999999956 
0.00000000099999999967 0.84493840411692566761 0.00000000099999999967 0.00000000099999999967 0.00000000099999999967 0.15506159088307447380 0.00000000099999999967 
0.00000000099999999965 0.00000000099999999965 0.99999999399999994765 0.00000000099999999965 0.00000000099999999965 0.00000000099999999965 0.00000000099999999965 
0.00000000099999999982 0.05541812140393934105 0.92848390641733236084 0.00000000099999999982 0.00000000099999999982 0.01609796817872845287 0.00000000099999999982 
0.00000000099999999956 0.00000000099999999956 0.99999999400000005867 0.00000000099999999956 0.00000000099999999956 0.00000000099999999956 0.00000000099999999956 
0.00000000099999999965 0.00000000099999999965 0.99999999399999994765 0.00000000099999999965 0.00000000099999999965 0.00000000099999999965 0.00000000099999999965 
0.00000000099999999958 0.00000000099999999958 0.99999999399999994765 0.00000000099999999958 0.00000000099999999958 0.00000000099999999958 0.00000000099999999958 
0.00000000099999999983 0.00000000099999999983 0.99999999400000005867 0.00000000099999999983 0.00000000099999999983 0.00000000099999999983 0.00000000099999999983 
0.00000000099999999963 0.00000000099999999963 0.99999999400000005867 0.00000000099999999963 0.00000000099999999963 0.00000000099999999963 0.00000000099999999963 
0.00000000099999999959 0.00000000099999999959 0.99999999400000005867 0.00000000099999999959 0.00000000099999999959 0.00000000099999999959 0.00000000099999999959 
0.00000000099999999994 0.00000000099999999994 0.02242033266780208908 0.96866988336626902445 0.00000000099999999994 0.00000000099999999994 0.00890977996592906725 
0.00000000099999999980 0.00000000099999999980 0.00000000099999999980 0.99999999400000005867 0.00000000099999999980 0.00000000099999999980 0.00000000099999999980 
0.00000000099999999980 0.00000000099999999980 0.00000000099999999980 0.99999999400000005867 0.00000000099999999980 0.00000000099999999980 0.00000000099999999980 
0.00000000099999999944 0.00000000099999999944 0.00000000099999999944 0.00000000099999999944 0.00000000099999999944 0.99999999399999994765 0.00000000099999999944 
0.00000000099999999950 0.00000000099999999950 0.00000000099999999950 0.00000000099999999950 0.00000000099999999950 0.99999999399999994765 0.00000000099999999950 
0.00000000099999999988 0.04276102345056456699 0.01955981554397449862 0.00000000099999999988 0.00000000099999999988 0.93767915700546100588 0.00000000099999999988 
0.00000000099999999995 0.00000000099999999995 0.00000000099999999995 0.05619637456800052888 0.01048995103021914746 0.93331367040178025984 0.00000000099999999995 
0.00000000099999999962 0.00000000099999999962 0.00000000099999999962 0.00000000099999999962 0.00000000099999999962 0.99999999399999994765 0.00000000099999999962 
0.00000000099999999956 0.00000000099999999956 0.00000000099999999956 0.00000000099999999956 0.00000000099999999956 0.99999999400000005867 0.00000000099999999956 
0.00000000099999999962 0.00000000099999999962 0.00000000099999999962 0.99999999399999994765 0.00000000099999999962 0.00000000099999999962 0.00000000099999999962 
0.00000000099999999986 0.00000000099999999986 0.00000000099999999986 0.99999999400000005867 0.00000000099999999986 0.00000000099999999986 0.00000000099999999986 
0.00000000099999999959 0.00000000099999999959 0.00000000099999999959 0.99999999399999994765 0.00000000099999999959 0.00000000099999999959 0.00000000099999999959 
0.00000000099999999950 0.00000000099999999950 0.00000000099999999950 0.99999999400000005867 0.00000000099999999950 0.00000000099999999950 0.00000000099999999950 
0.00000000099999999958 0.00000000099999999958 0.00000000099999999958 0.99999999400000005867 0.00000000099999999958 0.00000000099999999958 0.00000000099999999958 
0.00000003257275733264 0.00000000099999999953 0.00000000099999999953 0.99999996242724276119 0.00000000099999999953 0.00000000099999999953 0.00000000099999999953 
0.00000000099999999955 0.00000000099999999955 0.00000000099999999955 0.99999999400000005867 0.00000000099999999955 0.00000000099999999955 0.00000000099999999955 
0.00706034442395987640 0.00000000099999999952 0.00000000099999999952 0.99293965057604016700 0.00000000099999999952 0.00000000099999999952 0.00000000099999999952 
0.00000000099999999968 0.66496970031018498570 0.00000000099999999968 0.00000000099999999968 0.00000000099999999968 0.33503029468981498917 0.00000000099999999968 
0.00000000099999999994 0.61027935524544407730 0.00000000099999999994 0.00000000099999999994 0.00000000099999999994 0.35501766237981269292 0.03470297837474334290 
0.00000000099999999964 0.70899280019974375566 0.00000000099999999964 0.00000000099999999964 0.00000000099999999964 0.29100719480025633024 0.00000000099999999964 
0.00000000099999999976 0.70682209994280020826 0.00000000099999999976 0.00000000099999999976 0.00000000099999999976 0.29317789505719982213 0.00000000099999999976 
0.00000000099999999973 0.68627357624974671957 0.00000000099999999973 0.00000000099999999973 0.00000000099999999973 0.31372641875025342184 0.00000000099999999973 
0.00000000099999999998 0.64345665256916251273 0.00000000099999999998 0.00305096511981656736 0.00351651694242124686 0.34499958345042097685 0.00497627991817883863 
0.00000000099999999991 0.68664061406675691579 0.01848835391723913785 0.00000000099999999991 0.00000000099999999991 0.29487102801600412194 0.00000000099999999991 
0.00000000099999999995 0.66246335400911759983 0.00000000099999999995 0.00952445965007389823 0.00000000099999999995 0.32801218234080858904 0.00000000099999999995 
0.00000000099999999986 0.00000000099999999986 0.00000000099999999986 0.99999999399999994765 0.00000000099999999986 0.00000000099999999986 0.00000000099999999986 
0.00000000099999999988 0.00000000099999999988 0.00000000099999999988 0.97049995100692643124 0.00000000099999999988 0.02950004399307355404 0.00000000099999999988 
0.00000000099999999988 0.00000000099999999988 0.00000000099999999988 0.99999999400000005867 0.00000000099999999988 0.00000000099999999988 0.00000000099999999988 
0.00000000099999999991 0.00000000099999999991 0.00000000099999999991 0.98954287940750695896 0.00000000099999999991 0.01045711559249308358 0.00000000099999999991 
0.00000000099999999992 0.00000000099999999992 0.00000000099999999992 0.99316341375558669924 0.00000000099999999992 0.00683658124441334850 0.00000000099999999992 
0.00000000099999999990 0.00000000099999999990 0.00000000099999999990 0.98872414523685536736 0.00000000099999999990 0.01127584976314453813 0.00000000099999999990 
0.00000000099999999979 0.00000000099999999979 0.00000000099999999979 0.99999999399999994765 0.00000000099999999979 0.00000000099999999979 0.00000000099999999979 
0.00000000099999999990 0.00000000099999999990 0.00000000099999999990 0.99999938639508334504 0.00000000099999999990 0.00000060860491670472 0.00000000099999999990 
0.00000000099999999992 0.00000000099999999992 0.00000000099999999992 0.99565650046517339966 0.00434349453482662552 0.00000000099999999992 0.00000000099999999992 
0.00000000099999999981 0.00000000099999999981 0.00000000099999999981 0.99999999400000005867 0.00000000099999999981 0.00000000099999999981 0.00000000099999999981 
0.00000000099999999977 0.00000000099999999977 0.00000000099999999977 0.99999999400000005867 0.00000000099999999977 0.00000000099999999977 0.00000000099999999977 
0.00000000099999999995 0.00000000099999999995 0.00000997453193249653 0.99999002046806739763 0.00000000099999999995 0.00000000099999999995 0.00000000099999999995 
0.14094504863059809097 0.00000000099999999998 0.00041591055409285631 0.83175153463974427215 0.00000000099999999998 0.01699887383054202866 0.00988863034502288941 
0.14530042873493964617 0.00000000099999999997 0.05173960022026884154 0.77900504022388972203 0.00000000099999999997 0.00000000099999999997 0.02395492782090190287 
0.19007824668381670397 0.00000000099999999989 0.00000000099999999989 0.80992174831618335418 0.00000000099999999989 0.00000000099999999989 0.00000000099999999989 
0.23686119428442703461 0.00000000099999999987 0.00000000099999999987 0.76313880071557305129 0.00000000099999999987 0.00000000099999999987 0.00000000099999999987 
0.00000000099999999978 0.00000000099999999978 0.00000000099999999978 0.99999999399999994765 0.00000000099999999978 0.00000000099999999978 0.00000000099999999978 
0.19371524957114422127 0.00000000099999999983 0.02445897138931154083 0.78182577503954420184 0.00000000099999999983 0.00000000099999999983 0.00000000099999999983 
0.17518872554167233546 0.00000000099999999977 0.00000000099999999977 0.82481126945832772268 0.00000000099999999977 0.00000000099999999977 0.00000000099999999977 
0.19382516248839518069 0.00000000099999999972 0.00000000099999999972 0.80617483251160471092 0.00000000099999999972 0.00000000099999999972 0.00000000099999999972 
0.00000000099999999983 0.00000000099999999983 0.00000000099999999983 0.99999999400000005867 0.00000000099999999983 0.00000000099999999983 0.00000000099999999983 
0.00000000099999999983 0.00000000099999999983 0.00000000099999999983 0.99999999400000005867 0.00000000099999999983 0.00000000099999999983 0.00000000099999999983 
0.00000000099999999982 0.00000000099999999982 0.00000000099999999982 0.99999999400000005867 0.00000000099999999982 0.00000000099999999982 0.00000000099999999982 
0.23595141944413144941 0.00000000099999999992 0.02492038587988656614 0.73912819067598189982 0.00000000099999999992 0.00000000099999999992 0.00000000099999999992 
0.00000000099999999992 0.69390895202010693943 0.00000000099999999992 0.01776109060614327120 0.00000000099999999992 0.28832995337374978106 0.00000000099999999992 
0.00000000099999999993 0.59092326942090889208 0.00000000099999999993 0.00000000099999999993 0.00000000099999999993 0.40907672557909124933 0.00000000099999999993 
0.00000000099999999992 0.50235059909089785357 0.00324998790582270089 0.00000000099999999992 0.00000000099999999992 0.49439940900327949969 0.00000000099999999992 
0.00000000099999999993 0.64127960120882232520 0.01032343642377316767 0.00000000099999999993 0.00000000099999999993 0.34839695836740447454 0.00000000099999999993 
0.00000000099999999996 0.63960636224049427501 0.00012645538348398592 0.00733068093931900280 0.00000000099999999996 0.35293649843670288346 0.00000000099999999996 
0.00000000099999999993 0.61210300034861564455 0.00000000099999999993 0.04406801630840974371 0.00000000099999999993 0.34382897934297462772 0.00000000099999999993 
0.00000000099999999999 0.66776515690305238149 0.00000087382958505555 0.01589963964911711089 0.00000000099999999999 0.31633432661824550935 0.00000000099999999999 
0.00000000099999999981 0.65992018240164318499 0.00000000099999999981 0.00000000099999999981 0.00000000099999999981 0.34007981259835690091 0.00000000099999999981 
0.00000000099999999969 0.00000000099999999969 0.00000000099999999969 0.99999999400000005867 0.00000000099999999969 0.00000000099999999969 0.00000000099999999969 
0.10245142665954608263 0.00000000099999999995 0.07571310011528635531 0.82183546922516759192 0.00000000099999999995 0.00000000099999999995 0.00000000099999999995 
0.00195233465007613118 0.01273804888580211750 0.00000000099999999994 0.98530961246412185339 0.00000000099999999994 0.00000000099999999994 0.00000000099999999994 
0.00000004871317104841 0.00080494521496533985 0.00000000099999999993 0.99919500207186362495 0.00000000099999999993 0.00000000099999999993 0.00000000099999999993 
0.00000000099999999980 0.00000000099999999980 0.00000000099999999980 0.99999999399999994765 0.00000000099999999980 0.00000000099999999980 0.00000000099999999980 
0.00000000099999999957 0.00000000099999999957 0.00000000099999999957 0.99999999399999994765 0.00000000099999999957 0.00000000099999999957 0.00000000099999999957 
0.00001492004562371319 0.00000000099999999985 0.00000000099999999985 0.99361727466940630293 0.00000000099999999985 0.00636780128497000612 0.00000000099999999985 
0.01880319388722587193 0.00000000099999999953 0.00000000099999999953 0.98119680111277418622 0.00000000099999999953 0.00000000099999999953 0.00000000099999999953 
0.99999999400000005867 0.00000000099999999962 0.00000000099999999962 0.00000000099999999962 0.00000000099999999962 0.00000000099999999962 0.00000000099999999962 
0.97421540693535757516 0.00000000099999999986 0.00000000099999999986 0.02578458806464253850 0.00000000099999999986 0.00000000099999999986 0.00000000099999999986 
0.99537762698795462235 0.00000000099999999987 0.00000000099999999987 0.00462236801204536727 0.00000000099999999987 0.00000000099999999987 0.00000000099999999987 
0.99999999400000016969 0.00000000099999999958 0.00000000099999999958 0.00000000099999999958 0.00000000099999999958 0.00000000099999999958 0.00000000099999999958 
0.99999999400000016969 0.00000000099999999954 0.00000000099999999954 0.00000000099999999954 0.00000000099999999954 0.00000000099999999954 0.00000000099999999954 
0.99999999400000005867 0.00000000099999999959 0.00000000099999999959 0.00000000099999999959 0.00000000099999999959 0.00000000099999999959 0.00000000099999999959 
0.97428371584626494162 0.00000000099999999997 0.00000000099999999997 0.00000217263672810989 0.00000000099999999997 0.02571410751700694761 0.00000000099999999997 
0.00000000099999999972 0.61596322789651658525 0.00000000099999999972 0.00000000099999999972 0.00000000099999999972 0.38403676710348355616 0.00000000099999999972 
0.00000000099999999961 0.61140515560426733632 0.00000000099999999961 0.00000000099999999961 0.00000000099999999961 0.38859483939573269407 0.00000000099999999961 
0.00000000099999999968 0.67218537782405829439 0.00000000099999999968 0.00000000099999999968 0.00000000099999999968 0.32781461717594179150 0.00000000099999999968 
0.00000000099999999960 0.60557314408259377281 0.00000000099999999960 0.00000000099999999960 0.00000000099999999960 0.39442685091740614656 0.00000000099999999960 
0.00000000099999999969 0.60146394585390783316 0.00000000099999999969 0.00000000099999999969 0.00000000099999999969 0.39853604914609225274 0.00000000099999999969 
0.00000000099999999995 0.68364905473021320148 0.02500188040713380994 0.00245790254328025768 0.00000000099999999995 0.28889115931937275894 0.00000000099999999995 
0.00000000099999999952 0.60710946566281021042 0.00000000099999999952 0.00000000099999999952 0.00000000099999999952 0.39289052933718998650 0.00000000099999999952 
0.00000000099999999959 0.68151020414491447763 0.00000000099999999959 0.00000000099999999959 0.00000000099999999959 0.31848979085508555276 0.00000000099999999959 
0.00000000099999999955 0.68456669230827627004 0.00000000099999999955 0.00000000099999999955 0.00000000099999999955 0.31543330269172364932 0.00000000099999999955 
0.00000000099999999953 0.60792983643101761171 0.00000000099999999953 0.00000000099999999953 0.00000000099999999953 0.39207015856898247419 0.00000000099999999953 
0.00000000099999999953 0.57797872501842906257 0.00000000099999999953 0.00000000099999999953 0.00000000099999999953 0.42202126998157107884 0.00000000099999999953 
0.00000000099999999951 0.60257244716230351500 0.00000000099999999951 0.00000000099999999951 0.00000000099999999951 0.39742754783769668192 0.00000000099999999951 
0.00000000099999999952 0.72018653565208823331 0.00000000099999999952 0.00000000099999999952 0.00000000099999999952 0.27981345934791190810 0.00000000099999999952 
0.00000000099999999950 0.69519404761204317555 0.00000000099999999950 0.00000000099999999950 0.00000000099999999950 0.30480594738795685483 0.00000000099999999950 
0.00000000099999999962 0.99999999400000005867 0.00000000099999999962 0.00000000099999999962 0.00000000099999999962 0.00000000099999999962 0.00000000099999999962 
0.00000000099999999965 0.99999999400000016969 0.00000000099999999965 0.00000000099999999965 0.00000000099999999965 0.00000000099999999965 0.00000000099999999965 
0.00000000099999999964 0.99999999400000016969 0.00000000099999999964 0.00000000099999999964 0.00000000099999999964 0.00000000099999999964 0.00000000099999999964 
0.00000000099999999972 0.99999999400000016969 0.00000000099999999972 0.00000000099999999972 0.00000000099999999972 0.00000000099999999972 0.00000000099999999972 
0.00000000099999999966 0.99999999400000016969 0.00000000099999999966 0.00000000099999999966 0.00000000099999999966 0.00000000099999999966 0.00000000099999999966 
0.00000000099999999962 0.99999999400000016969 0.00000000099999999962 0.00000000099999999962 0.00000000099999999962 0.00000000099999999962 0.00000000099999999962 
0.00000000099999999962 0.99999999400000005867 0.00000000099999999962 0.00000000099999999962 0.00000000099999999962 0.00000000099999999962 0.00000000099999999962 
0.00000000099999999963 0.99999999400000005867 0.00000000099999999963 0.00000000099999999963 0.00000000099999999963 0.00000000099999999963 0.00000000099999999963 
0.00000000099999999977 0.00000000099999999977 0.00000000099999999977 0.99999999399999994765 0.00000000099999999977 0.00000000099999999977 0.00000000099999999977 
0.00000000099999999977 0.00000000099999999977 0.00000000099999999977 0.99999999399999994765 0.00000000099999999977 0.00000000099999999977 0.00000000099999999977 
0.00000000099999999984 0.00000000099999999984 0.00000000099999999984 0.99999999399999994765 0.00000000099999999984 0.00000000099999999984 0.00000000099999999984 
0.00000000099999999979 0.00000000099999999979 0.00000000099999999979 0.99999999400000005867 0.00000000099999999979 0.00000000099999999979 0.00000000099999999979 
0.00000000099999999980 0.00000000099999999980 0.00000000099999999980 0.99999999399999994765 0.00000000099999999980 0.00000000099999999980 0.00000000099999999980 
0.00000000099999999982 0.00000000099999999982 0.00000000099999999982 0.99528325631270531115 0.00471673868729474352 0.00000000099999999982 0.00000000099999999982 
0.00000000099999999978 0.00000000099999999978 0.00000000099999999978 0.99999999399999994765 0.00000000099999999978 0.00000000099999999978 0.00000000099999999978 
0.00000000099999999987 0.00000000099999999987 0.00000000099999999987 0.99417541477495641189 0.00000000099999999987 0.00000000099999999987 0.00582458022504368962 
0.00000000099999999980 0.00000000099999999980 0.00000000099999999980 0.00000000099999999980 0.00000000099999999980 0.99999999400000005867 0.00000000099999999980 
0.00000000099999999989 0.00000000099999999989 0.00000000099999999989 0.00000000099999999989 0.00000000099999999989 0.99999999400000005867 0.00000000099999999989 
0.00000000099999999960 0.00000000099999999960 0.00000000099999999960 0.00000000099999999960 0.00000000099999999960 0.99999999400000005867 0.00000000099999999960 
0.00000000099999999984 0.00000000099999999984 0.00000000099999999984 0.00000000099999999984 0.00000000099999999984 0.99999999399999994765 0.00000000099999999984 
0.00000000099999999987 0.00000000099999999987 0.00000000099999999987 0.00000000099999999987 0.00000000099999999987 0.99999999399999994765 0.00000000099999999987 
0.00000000099999999988 0.00000000099999999988 0.00000000099999999988 0.03242364821669364849 0.00000000099999999988 0.96757634678330628475 0.00000000099999999988 
0.00000000099999999993 0.01289036935580382612 0.00000000099999999993 0.08110772670030903797 0.00000000099999999993 0.90600189994388702353 0.00000000099999999993 
0.00000000099999999997 0.00000000099999999997 0.01543952142111704867 0.02346745073842579701 0.00000000099999999997 0.96109302384045713907 0.00000000099999999997 
0.99999999400000016969 0.00000000099999999968 0.00000000099999999968 0.00000000099999999968 0.00000000099999999968 0.00000000099999999968 0.00000000099999999968 
0.99999999400000016969 0.00000000099999999967 0.00000000099999999967 0.00000000099999999967 0.00000000099999999967 0.00000000099999999967 0.00000000099999999967 
0.99999999275605488958 0.00000000099999999991 0.00000000099999999991 0.00000000224394512643 0.00000000099999999991 0.00000000099999999991 0.00000000099999999991 
0.95814487230570666298 0.00000000099999999980 0.00000000099999999980 0.04185512269429337434 0.00000000099999999980 0.00000000099999999980 0.00000000099999999980 
0.99999990977198105480 0.00000000099999999975 0.00000000099999999975 0.00000008522801907035 0.00000000099999999975 0.00000000099999999975 0.00000000099999999975 
0.99999999400000016969 0.00000000099999999969 0.00000000099999999969 0.00000000099999999969 0.00000000099999999969 0.00000000099999999969 0.00000000099999999969 
0.99999999400000005867 0.00000000099999999973 0.00000000099999999973 0.00000000099999999973 0.00000000099999999973 0.00000000099999999973 0.00000000099999999973 
0.99999999400000016969 0.00000000099999999986 0.00000000099999999986 0.00000000099999999986 0.00000000099999999986 0.00000000099999999986 0.00000000099999999986 
0.99999999399437589087 0.00000000099999999975 0.00000000099999999975 0.00000000100562420862 0.00000000099999999975 0.00000000099999999975 0.00000000099999999975 
0.00000000099999999957 0.00000000099999999957 0.99999999400000005867 0.00000000099999999957 0.00000000099999999957 0.00000000099999999957 0.00000000099999999957 
0.00000000099999999977 0.00000000099999999977 0.99999999400000005867 0.00000000099999999977 0.00000000099999999977 0.00000000099999999977 0.00000000099999999977 
0.00000000099999999983 0.08380564155289307871 0.91619435344710709046 0.00000000099999999983 0.00000000099999999983 0.00000000099999999983 0.00000000099999999983 
0.00000000099999999956 0.00000000099999999956 0.99999999399999994765 0.00000000099999999956 0.00000000099999999956 0.00000000099999999956 0.00000000099999999956 
0.00000000099999999958 0.00000000099999999958 0.99999999400000005867 0.00000000099999999958 0.00000000099999999958 0.00000000099999999958 0.00000000099999999958 
0.00000000099999999957 0.00000000099999999957 0.99999999400000005867 0.00000000099999999957 0.00000000099999999957 0.00000000099999999957 0.00000000099999999957 
0.00000000099999999958 0.00000000099999999958 0.99999999400000005867 0.00000000099999999958 0.00000000099999999958 0.00000000099999999958 0.00000000099999999958 
0.00000000099999999989 0.00000000099999999989 0.13451908923827041176 0.86548090576172964639 0.00000000099999999989 0.00000000099999999989 0.00000000099999999989 
0.00000000099999999992 0.00788948139180966138 0.14702982675369241639 0.84508068785449785842 0.00000000099999999992 0.00000000099999999992 0.00000000099999999992 
0.01722365698318710503 0.00000000099999999992 0.14762913705522376362 0.83514720196158909182 0.00000000099999999992 0.00000000099999999992 0.00000000099999999992 
0.00000000099999999989 0.00000000099999999989 0.11987640106229889569 0.88012359393770112082 0.00000000099999999989 0.00000000099999999989 0.00000000099999999989 
0.99999999400000016969 0.00000000099999999964 0.00000000099999999964 0.00000000099999999964 0.00000000099999999964 0.00000000099999999964 0.00000000099999999964 
0.98203145549956738503 0.00109340371280899256 0.00000000099999999992 0.00000000099999999992 0.00000000099999999992 0.01687513678762362149 0.00000000099999999992 
0.99999999400000005867 0.00000000099999999975 0.00000000099999999975 0.00000000099999999975 0.00000000099999999975 0.00000000099999999975 0.00000000099999999975 
0.99999999400000005867 0.00000000099999999980 0.00000000099999999980 0.00000000099999999980 0.00000000099999999980 0.00000000099999999980 0.00000000099999999980 
0.99999999400000005867 0.00000000099999999980 0.00000000099999999980 0.00000000099999999980 0.00000000099999999980 0.00000000099999999980 0.00000000099999999980 
0.99999999400000016969 0.00000000099999999953 0.00000000099999999953 0.00000000099999999953 0.00000000099999999953 0.00000000099999999953 0.00000000099999999953 
0.99999999400000016969 0.00000000099999999952 0.00000000099999999952 0.00000000099999999952 0.00000000099999999952 0.00000000099999999952 0.00000000099999999952 
0.99996954234884460888 0.00000000099999999982 0.00000000099999999982 0.00003045265115534840 0.00000000099999999982 0.00000000099999999982 0.00000000099999999982 
0.99999999400000005867 0.00000000099999999967 0.00000000099999999967 0.00000000099999999967 0.00000000099999999967 0.00000000099999999967 0.00000000099999999967 
0.00000000099999999995 0.00000000099999999995 0.00000000099999999995 0.94238243325251336291 0.00000000099999999995 0.05761756174748648013 0.00000000099999999995 
0.00445027285647443382 0.00000000099999999986 0.00000000099999999986 0.99554972214352566162 0.00000000099999999986 0.00000000099999999986 0.00000000099999999986 
0.00000000099999999983 0.00000000099999999983 0.00000000099999999983 0.99999999400000005867 0.00000000099999999983 0.00000000099999999983 0.00000000099999999983 
0.00000000099999999989 0.00887844920351677815 0.00000000099999999989 0.99112154579648326092 0.00000000099999999989 0.00000000099999999989 0.00000000099999999989 
0.00000000099999999980 0.00000000099999999980 0.00000000099999999980 0.99999999400000005867 0.00000000099999999980 0.00000000099999999980 0.00000000099999999980 
0.00000000099999999994 0.00000000099999999994 0.00000000099999999994 0.97990720421955057606 0.00000000099999999994 0.00166509246370703367 0.01842769931674253028 
0.01555585521849408778 0.03677243375025618377 0.00000000099999999999 0.90646464904348778013 0.00563189851564169057 0.00000000099999999999 0.03557516147212030216 
0.00000000099999999966 0.00000000099999999966 0.00000000099999999966 0.00000000099999999966 0.00000000099999999966 0.00000000099999999966 0.99999999400000005867 
0.00000000099999999953 0.00000000099999999953 0.00000000099999999953 0.00000000099999999953 0.00000000099999999953 0.00000000099999999953 0.99999999399999994765 
0.00000000099999999992 0.00000000099999999992 0.00000000099999999992 0.00000000099999999992 0.00000000099999999992 0.01407024762225073458 0.98592974737774929928 
0.00000000099999999981 0.00000000099999999981 0.00000000099999999981 0.00000000099999999981 0.00000000099999999981 0.00000000099999999981 0.99999999399999994765 
0.00000000099999999972 0.00000000099999999972 0.00000000099999999972 0.00000000099999999972 0.00000000099999999972 0.00000000099999999972 0.99999999400000005867 
0.00000000099999999951 0.00000000099999999951 0.00000000099999999951 0.00000000099999999951 0.00000000099999999951 0.99999999400000005867 0.00000000099999999951 
0.00000000099999999987 0.00000000099999999987 0.00000000099999999987 0.00000000099999999987 0.00000000099999999987 0.99999999400000005867 0.00000000099999999987 
0.00000000099999999966 0.00000000099999999966 0.00000000099999999966 0.00000000099999999966 0.00000000099999999966 0.99999999399999994765 0.00000000099999999966 
0.08632112885174517136 0.00000000099999999995 0.00000000099999999995 0.00000005278107551673 0.00000000099999999995 0.91367881436717923727 0.00000000099999999995 
0.00000000099999999984 0.00000000099999999984 0.00000000099999999984 0.00000000099999999984 0.00000000099999999984 0.99999999399999994765 0.00000000099999999984 
0.00000000099999999967 0.00000000099999999967 0.00000000099999999967 0.00000000099999999967 0.00000000099999999967 0.99999999399999994765 0.00000000099999999967 
0.00000000099999999950 0.00000000099999999950 0.00000000099999999950 0.00000000099999999950 0.00000000099999999950 0.99999999399999994765 0.00000000099999999950 
0.00000000099999999963 0.00000000099999999963 0.00000000099999999963 0.00000000099999999963 0.00000000099999999963 0.99999999399999994765 0.00000000099999999963 
0.00000000099999999989 0.94168196446886620610 0.00000000099999999989 0.00000000099999999989 0.00000000099999999989 0.05831803053113397695 0.00000000099999999989 
0.07393322345766727144 0.74447821420972137840 0.00000000099999999994 0.00000000099999999994 0.00000000099999999994 0.18158855833261142165 0.00000000099999999994 
0.00798863289707042387 0.91837686619809877353 0.02331358719010209052 0.00000068533607278401 0.01554948994575589168 0.03477073743290009372 0.00000000099999999999 
0.10680653649695917573 0.78974974733037162089 0.00000000099999999997 0.00000000099999999997 0.00555877271034556971 0.09788494046232375234 0.00000000099999999997 
0.00000000099999999963 0.86633435561152039028 0.00000000099999999963 0.00000000099999999963 0.00000000099999999963 0.13366563938847966786 0.00000000099999999963 
0.00000000099999999992 0.89219172657731016240 0.00000000099999999992 0.00000000099999999992 0.00244141747939379938 0.10536685194329616089 0.00000000099999999992 
0.00000000099999999969 0.88217162616136290954 0.00000000099999999969 0.00000000099999999969 0.00000000099999999969 0.11782836883863720412 0.00000000099999999969 
0.00000000099999999988 0.00000000099999999988 0.00000000099999999988 0.99999999400000005867 0.00000000099999999988 0.00000000099999999988 0.00000000099999999988 
0.00000000099999999995 0.01162459702720835923 0.01039661649987499298 0.95501243322261231139 0.00000000099999999995 0.02296635025030432931 0.00000000099999999995 
0.00000000099999999987 0.00000000099999999987 0.02835162752363741545 0.97164836747636251779 0.00000000099999999987 0.00000000099999999987 0.00000000099999999987 
0.00000000099999999995 0.01674624582958568128 0.00000260245454830516 0.98324739599175114968 0.00000000099999999995 0.00000375272411498303 0.00000000099999999995 
0.00000000099999999991 0.00000000099999999991 0.01135816020215629600 0.98864183479784362163 0.00000000099999999991 0.00000000099999999991 0.00000000099999999991 
0.00000000099999999987 0.00753429247902672513 0.00000000099999999987 0.99246570252097321418 0.00000000099999999987 0.00000000099999999987 0.00000000099999999987 
0.01481207186610079309 0.01144008501399249034 0.00000000099999999994 0.97374783911990669960 0.00000000099999999994 0.00000000099999999994 0.00000000099999999994 
0.00000000099999999997 0.00000000099999999997 0.00000000099999999997 0.99824796101388579839 0.00175203398611420923 0.00000000099999999997 0.00000000099999999997 
0.88612061349756010564 0.00000000099999999970 0.00000000099999999970 0.11387938150244011903 0.00000000099999999970 0.00000000099999999970 0.00000000099999999970 
0.99999999400000016969 0.00000000099999999981 0.00000000099999999981 0.00000000099999999981 0.00000000099999999981 0.00000000099999999981 0.00000000099999999981 
0.99999999400000005867 0.00000000099999999972 0.00000000099999999972 0.00000000099999999972 0.00000000099999999972 0.00000000099999999972 0.00000000099999999972 
0.96696511686192199164 0.00000000099999999968 0.00000000099999999968 0.03303487813807814283 0.00000000099999999968 0.00000000099999999968 0.00000000099999999968 
0.99999999400000016969 0.00000000099999999987 0.00000000099999999987 0.00000000099999999987 0.00000000099999999987 0.00000000099999999987 0.00000000099999999987 
0.99808693869015518985 0.00000000099999999964 0.00000000099999999964 0.00191305630984489822 0.00000000099999999964 0.00000000099999999964 0.00000000099999999964 
0.99596757804968116812 0.00000000099999999956 0.00000000099999999956 0.00403241695031888222 0.00000000099999999956 0.00000000099999999956 0.00000000099999999956 
0.99598702217012968774 0.00401295211202777440 0.00000000099999999985 0.00000002171784254421 0.00000000099999999985 0.00000000099999999985 0.00000000099999999985 
0.00000000099999999987 0.00000004395229634630 0.00000000099999999987 0.98697998808564890716 0.00000000099999999987 0.01301996396205488266 0.00000000099999999987 
0.00000000099999999979 0.00000000099999999979 0.00000000099999999979 0.99999999399999994765 0.00000000099999999979 0.00000000099999999979 0.00000000099999999979 
0.00008413988495911515 0.00000000099999999987 0.00000000099999999987 0.99991585511504099681 0.00000000099999999987 0.00000000099999999987 0.00000000099999999987 
0.00000000099999999984 0.00000000099999999984 0.00000000099999999984 0.99999999399999994765 0.00000000099999999984 0.00000000099999999984 0.00000000099999999984 
0.00000000099999999994 0.00000000099999999994 0.00000000099999999994 0.97015031495420755991 0.00000000099999999994 0.02984968004579233170 0.00000000099999999994 
0.00000000099999999974 0.00000000099999999974 0.00000000099999999974 0.99999999400000005867 0.00000000099999999974 0.00000000099999999974 0.00000000099999999974 
0.00000000099999999988 0.00000000099999999988 0.00000000099999999988 0.99999999399999994765 0.00000000099999999988 0.00000000099999999988 0.00000000099999999988 
0.00000000099999999987 0.00000000099999999987 0.00000000099999999987 0.99999999400000005867 0.00000000099999999987 0.00000000099999999987 0.00000000099999999987 
0.74661494583254983670 0.25338504916745024920 0.00000000099999999988 0.00000000099999999988 0.00000000099999999988 0.00000000099999999988 0.00000000099999999988 
0.66377103923373426131 0.33622895576626565806 0.00000000099999999988 0.00000000099999999988 0.00000000099999999988 0.00000000099999999988 0.00000000099999999988 
0.76744932244692742884 0.23255067255307279583 0.00000000099999999985 0.00000000099999999985 0.00000000099999999985 0.00000000099999999985 0.00000000099999999985 
0.86415110847871934308 0.13584888652128085385 0.00000000099999999988 0.00000000099999999988 0.00000000099999999988 0.00000000099999999988 0.00000000099999999988 
0.90782531344421724118 0.07742697739168885596 0.00000000099999999991 0.00000000099999999991 0.00000000099999999991 0.01474770516409396222 0.00000000099999999991 
0.77929432978472057414 0.20128778525355908724 0.00000000099999999988 0.00000000099999999988 0.00000000099999999988 0.01941788096172028869 0.00000000099999999988 
0.75034303290836135147 0.23665841307469134835 0.00000000099999999987 0.00000000099999999987 0.00000000099999999987 0.01299855001694735258 0.00000000099999999987 
0.67812328781445108117 0.32187670718554894922 0.00000000099999999989 0.00000000099999999989 0.00000000099999999989 0.00000000099999999989 0.00000000099999999989 
0.91929701746561720554 0.00000000099999999989 0.00000000099999999989 0.03328123243525713676 0.04742174609912564592 0.00000000099999999989 0.00000000099999999989 
0.85258653586876986807 0.00000000099999999987 0.00000000099999999987 0.09163687201990348974 0.05577658811132679695 0.00000000099999999987 0.00000000099999999987 
0.96160723971278116995 0.00000000099999999988 0.00000000099999999988 0.01151001778841794464 0.02688273849880099681 0.00000000099999999988 0.00000000099999999988 
0.93549595293554743680 0.00000000099999999988 0.00000000099999999988 0.02744913282852999570 0.03705491023592265981 0.00000000099999999988 0.00000000099999999988 
0.84990938304761398658 0.00001727720818625217 0.05300302515351747873 0.08957465617033509575 0.00000000099999999999 0.00749565642034720828 0.00000000099999999999 
0.89702823000087272831 0.00000942338073533606 0.00494919646946049337 0.09801314714893151481 0.00000000099999999995 0.00000000099999999995 0.00000000099999999995 
0.89169434234804656469 0.00507171758605274269 0.00000000099999999993 0.10323393606590074156 0.00000000099999999993 0.00000000099999999993 0.00000000099999999993 
0.82440282643003837126 0.00000000099999999980 0.00000000099999999980 0.16242953979146110277 0.01316762977850058011 0.00000000099999999980 0.00000000099999999980 
0.00000000099999999986 0.00000000099999999986 0.00000000099999999986 0.99999999400000005867 0.00000000099999999986 0.00000000099999999986 0.00000000099999999986 
0.00000000099999999996 0.01120464900317904959 0.00335144038341578070 0.98544390661340519610 0.00000000099999999996 0.00000000099999999996 0.00000000099999999996 
0.00000000099999999994 0.00000000099999999994 0.07606280474806380310 0.87366061531301208998 0.00000000099999999994 0.00000000099999999994 0.05027657593892414373 
0.00000000099999999986 0.00000000099999999986 0.00000000099999999986 0.99999999400000005867 0.00000000099999999986 0.00000000099999999986 0.00000000099999999986 
0.00000000099999999984 0.00000000099999999984 0.00000000099999999984 0.99999999399999994765 0.00000000099999999984 0.00000000099999999984 0.00000000099999999984 
0.00000000099999999982 0.00000000099999999982 0.00000000099999999982 0.99999999399999994765 0.00000000099999999982 0.00000000099999999982 0.00000000099999999982 
0.00000000099999999969 0.00000000099999999969 0.00000000099999999969 0.99999999399999994765 0.00000000099999999969 0.00000000099999999969 0.00000000099999999969 
0.00911164912338504468 0.00000000099999999993 0.01812682987832042736 0.97276151699829449537 0.00000000099999999993 0.00000000099999999993 0.00000000099999999993 
