0.00000000099999999990 0.32163648286194679304 0.00000000099999999990 0.00000000099999999990 0.00000000099999999990 0.54374122205906894045 0.00000000099999999990 0.13462228707898407642 0.00000000099999999990 0.00000000099999999990 0.00000000099999999990 
0.00000000099999999976 0.02982232986661347701 0.00000000099999999976 0.00000000099999999976 0.00000000099999999976 0.96992913469495978251 0.00000000099999999976 0.00000000099999999976 0.00024852743842675184 0.00000000099999999976 0.00000000099999999976 
0.00000000099999999992 0.00000000099999999992 0.00000000099999999992 0.00000000099999999992 0.00000000099999999992 0.99569617619996964031 0.00000000099999999992 0.00430381480003052055 0.00000000099999999992 0.00000000099999999992 0.00000000099999999992 
0.00000000099999999990 0.00000000099999999990 0.00000000099999999990 0.00000000099999999990 0.00000000099999999990 0.95635935893869761237 0.00000000099999999990 0.00000000099999999990 0.04364063206130248951 0.00000000099999999990 0.00000000099999999990 
0.00000000099999999986 0.00710129996178670338 0.00000000099999999986 0.00000000099999999986 0.00000000099999999986 0.99289869103821326579 0.00000000099999999986 0.00000000099999999986 0.00000000099999999986 0.00000000099999999986 0.00000000099999999986 
0.00000000099999999970 0.00000000099999999970 0.00000000099999999970 0.00000000099999999970 0.00000000099999999970 0.00000000099999999970 0.00000000099999999970 0.99999999000000006077 0.00000000099999999970 0.00000000099999999970 0.00000000099999999970 
0.00000000099999999976 0.02633572021448811473 0.00000000099999999976 0.00000000099999999976 0.00000000099999999976 0.24342213146724583916 0.00000000099999999976 0.73024214031826606419 0.00000000099999999976 0.00000000099999999976 0.00000000099999999976 
0.00000000099999999930 0.00000000099999999930 0.00000000099999999930 0.00000000099999999930 0.00000000099999999930 0.00000000099999999930 0.00000000099999999930 0.99999998999999994975 0.00000000099999999930 0.00000000099999999930 0.00000000099999999930 
0.00000000099999999927 0.99999999000000028282 0.00000000099999999927 0.00000000099999999927 0.00000000099999999927 0.00000000099999999927 0.00000000099999999927 0.00000000099999999927 0.00000000099999999927 0.00000000099999999927 0.00000000099999999927 
0.00000000099999999945 0.99999999000000028282 0.00000000099999999945 0.00000000099999999945 0.00000000099999999945 0.00000000099999999945 0.00000000099999999945 0.00000000099999999945 0.00000000099999999945 0.00000000099999999945 0.00000000099999999945 
0.00000000099999999923 0.99999999000000028282 0.00000000099999999923 0.00000000099999999923 0.00000000099999999923 0.00000000099999999923 0.00000000099999999923 0.00000000099999999923 0.00000000099999999923 0.00000000099999999923 0.00000000099999999923 
0.00000000099999999931 0.99999999000000017180 0.00000000099999999931 0.00000000099999999931 0.00000000099999999931 0.00000000099999999931 0.00000000099999999931 0.00000000099999999931 0.00000000099999999931 0.00000000099999999931 0.00000000099999999931 
0.00000000099999999941 0.99999999000000028282 0.00000000099999999941 0.00000000099999999941 0.00000000099999999941 0.00000000099999999941 0.00000000099999999941 0.00000000099999999941 0.00000000099999999941 0.00000000099999999941 0.00000000099999999941 
0.00000000099999999943 0.99999999000000017180 0.00000000099999999943 0.00000000099999999943 0.00000000099999999943 0.00000000099999999943 0.00000000099999999943 0.00000000099999999943 0.00000000099999999943 0.00000000099999999943 0.00000000099999999943 
0.00000000099999999983 0.65026954599595621076 0.00223174690050642567 0.00000000099999999983 0.00000000099999999983 0.32404264532798859877 0.00000000099999999983 0.00000000099999999983 0.00000000099999999983 0.02345605477554891377 0.00000000099999999983 
0.00000000099999999969 0.74094719656747010106 0.00000000099999999969 0.00000000099999999969 0.00000000099999999969 0.20978689830389349313 0.00000000099999999969 0.00000000099999999969 0.00000000099999999969 0.04926589712863675002 0.00000000099999999969 
0.99999999000000017180 0.00000000099999999935 0.00000000099999999935 0.00000000099999999935 0.00000000099999999935 0.00000000099999999935 0.00000000099999999935 0.00000000099999999935 0.00000000099999999935 0.00000000099999999935 0.00000000099999999935 
0.99999999000000028282 0.00000000099999999946 0.00000000099999999946 0.00000000099999999946 0.00000000099999999946 0.00000000099999999946 0.00000000099999999946 0.00000000099999999946 0.00000000099999999946 0.00000000099999999946 0.00000000099999999946 
0.99999999000000017180 0.00000000099999999934 0.00000000099999999934 0.00000000099999999934 0.00000000099999999934 0.00000000099999999934 0.00000000099999999934 0.00000000099999999934 0.00000000099999999934 0.00000000099999999934 0.00000000099999999934 
0.99999999000000028282 0.00000000099999999938 0.00000000099999999938 0.00000000099999999938 0.00000000099999999938 0.00000000099999999938 0.00000000099999999938 0.00000000099999999938 0.00000000099999999938 0.00000000099999999938 0.00000000099999999938 
0.99999999000000017180 0.00000000099999999940 0.00000000099999999940 0.00000000099999999940 0.00000000099999999940 0.00000000099999999940 0.00000000099999999940 0.00000000099999999940 0.00000000099999999940 0.00000000099999999940 0.00000000099999999940 
0.99999999000000028282 0.00000000099999999970 0.00000000099999999970 0.00000000099999999970 0.00000000099999999970 0.00000000099999999970 0.00000000099999999970 0.00000000099999999970 0.00000000099999999970 0.00000000099999999970 0.00000000099999999970 
0.99999999000000028282 0.00000000099999999926 0.00000000099999999926 0.00000000099999999926 0.00000000099999999926 0.00000000099999999926 0.00000000099999999926 0.00000000099999999926 0.00000000099999999926 0.00000000099999999926 0.00000000099999999926 
0.99999999000000017180 0.00000000099999999941 0.00000000099999999941 0.00000000099999999941 0.00000000099999999941 0.00000000099999999941 0.00000000099999999941 0.00000000099999999941 0.00000000099999999941 0.00000000099999999941 0.00000000099999999941 
0.00000000099999999920 0.00000000099999999920 0.99999999000000017180 0.00000000099999999920 0.00000000099999999920 0.00000000099999999920 0.00000000099999999920 0.00000000099999999920 0.00000000099999999920 0.00000000099999999920 0.00000000099999999920 
0.00000000099999999967 0.00000000099999999967 0.96631421224387625823 0.00000000099999999967 0.00000000099999999967 0.00000000099999999967 0.00000000099999999967 0.00000000099999999967 0.00000000099999999967 0.00000000099999999967 0.03368577875612379507 
0.00000000099999999900 0.00000000099999999900 0.99999999000000006077 0.00000000099999999900 0.00000000099999999900 0.00000000099999999900 0.00000000099999999900 0.00000000099999999900 0.00000000099999999900 0.00000000099999999900 0.00000000099999999900 
0.00000000099999999918 0.00000000099999999918 0.99999999000000017180 0.00000000099999999918 0.00000000099999999918 0.00000000099999999918 0.00000000099999999918 0.00000000099999999918 0.00000000099999999918 0.00000000099999999918 0.00000000099999999918 
0.00000000099999999902 0.00000000099999999902 0.99999999000000017180 0.00000000099999999902 0.00000000099999999902 0.00000000099999999902 0.00000000099999999902 0.00000000099999999902 0.00000000099999999902 0.00000000099999999902 0.00000000099999999902 
0.00000000099999999954 0.00000000099999999954 0.99999999000000017180 0.00000000099999999954 0.00000000099999999954 0.00000000099999999954 0.00000000099999999954 0.00000000099999999954 0.00000000099999999954 0.00000000099999999954 0.00000000099999999954 
0.00000000099999999905 0.00000000099999999905 0.99999999000000006077 0.00000000099999999905 0.00000000099999999905 0.00000000099999999905 0.00000000099999999905 0.00000000099999999905 0.00000000099999999905 0.00000000099999999905 0.00000000099999999905 
0.00000000099999999902 0.00000000099999999902 0.99999999000000017180 0.00000000099999999902 0.00000000099999999902 0.00000000099999999902 0.00000000099999999902 0.00000000099999999902 0.00000000099999999902 0.00000000099999999902 0.00000000099999999902 
0.00000000099999999985 0.50427668355786392507 0.02233744234372403090 0.00000000099999999985 0.00972711629270732632 0.46365875080570495559 0.00000000099999999985 0.00000000099999999985 0.00000000099999999985 0.00000000099999999985 0.00000000099999999985 
0.00000000099999999966 0.61950807635974214360 0.00000000099999999966 0.00000000099999999966 0.00000000099999999966 0.38049191464025816645 0.00000000099999999966 0.00000000099999999966 0.00000000099999999966 0.00000000099999999966 0.00000000099999999966 
0.00000000099999999968 0.57510425137008414076 0.00000000099999999968 0.00000000099999999968 0.00000000099999999968 0.42489573962991611378 0.00000000099999999968 0.00000000099999999968 0.00000000099999999968 0.00000000099999999968 0.00000000099999999968 
0.00000000099999999917 0.00000000099999999917 0.00000000099999999917 0.00000000099999999917 0.00000000099999999917 0.00000000099999999917 0.00000000099999999917 0.00000000099999999917 0.00000000099999999917 0.99999999000000006077 0.00000000099999999917 
0.00000000099999999928 0.00000000099999999928 0.00000000099999999928 0.00000000099999999928 0.00000000099999999928 0.00000000099999999928 0.00000000099999999928 0.00000000099999999928 0.00000000099999999928 0.99999999000000006077 0.00000000099999999928 
0.03495170706495310392 0.00000000099999999981 0.03039421037217372723 0.00000000099999999981 0.00000000099999999981 0.00000000099999999981 0.00000000099999999981 0.00000000099999999981 0.00000000099999999981 0.93465407456287308285 0.00000000099999999981 
0.00000000099999999992 0.06329241843728403150 0.00000000099999999992 0.00000000099999999992 0.00000000099999999992 0.00000000099999999992 0.00000000099999999992 0.00000000099999999992 0.00000000099999999992 0.93670757256271597324 0.00000000099999999992 
0.00000000099999999947 0.00000000099999999947 0.00000000099999999947 0.00000000099999999947 0.00000000099999999947 0.00000000099999999947 0.00000000099999999947 0.00000000099999999947 0.00000000099999999947 0.99999999000000006077 0.00000000099999999947 
0.00000000099999999936 0.00000000099999999936 0.00000000099999999936 0.00000000099999999936 0.00000000099999999936 0.00000000099999999936 0.00000000099999999936 0.00000000099999999936 0.00000000099999999936 0.99999998999999994975 0.00000000099999999936 
0.00000000099999999915 0.99999999000000017180 0.00000000099999999915 0.00000000099999999915 0.00000000099999999915 0.00000000099999999915 0.00000000099999999915 0.00000000099999999915 0.00000000099999999915 0.00000000099999999915 0.00000000099999999915 
0.00000000099999999967 0.99999999000000028282 0.00000000099999999967 0.00000000099999999967 0.00000000099999999967 0.00000000099999999967 0.00000000099999999967 0.00000000099999999967 0.00000000099999999967 0.00000000099999999967 0.00000000099999999967 
0.00000000099999999922 0.99999999000000017180 0.00000000099999999922 0.00000000099999999922 0.00000000099999999922 0.00000000099999999922 0.00000000099999999922 0.00000000099999999922 0.00000000099999999922 0.00000000099999999922 0.00000000099999999922 
0.00000000099999999901 0.99999999000000017180 0.00000000099999999901 0.00000000099999999901 0.00000000099999999901 0.00000000099999999901 0.00000000099999999901 0.00000000099999999901 0.00000000099999999901 0.00000000099999999901 0.00000000099999999901 
0.00000000099999999918 0.99999999000000017180 0.00000000099999999918 0.00000000099999999918 0.00000000099999999918 0.00000000099999999918 0.00000000099999999918 0.00000000099999999918 0.00000000099999999918 0.00000000099999999918 0.00000000099999999918 
0.00000000099999999905 0.99999999000000028282 0.00000000099999999905 0.00000000099999999905 0.00000000099999999905 0.00000000099999999905 0.00000000099999999905 0.00000000099999999905 0.00000000099999999905 0.00000000099999999905 0.00000000099999999905 
0.00000000099999999908 0.99999999000000028282 0.00000000099999999908 0.00000000099999999908 0.00000000099999999908 0.00000000099999999908 0.00000000099999999908 0.00000000099999999908 0.00000000099999999908 0.00000000099999999908 0.00000000099999999908 
0.00000000099999999907 0.99999999000000017180 0.00000000099999999907 0.00000000099999999907 0.00000000099999999907 0.00000000099999999907 0.00000000099999999907 0.00000000099999999907 0.00000000099999999907 0.00000000099999999907 0.00000000099999999907 
0.00000000099999999931 0.00000000099999999931 0.00000000099999999931 0.00000000099999999931 0.00000000099999999931 0.00000000099999999931 0.00000000099999999931 0.00000000099999999931 0.00000000099999999931 0.00000000099999999931 0.99999999000000006077 
0.00000000099999999984 0.00000000099999999984 0.00000000099999999984 0.00000000099999999984 0.01502065542887009997 0.00000000099999999984 0.00000000099999999984 0.00000000099999999984 0.00000000099999999984 0.00000000099999999984 0.98497933557112982150 
0.00000000099999999932 0.00000000099999999932 0.00000000099999999932 0.00000000099999999932 0.00000000099999999932 0.00000000099999999932 0.00000000099999999932 0.00000000099999999932 0.00000000099999999932 0.00000000099999999932 0.99999999000000006077 
0.00000000099999999949 0.00000000099999999949 0.00000000099999999949 0.00000000099999999949 0.00000000099999999949 0.00000000099999999949 0.00000000099999999949 0.00000000099999999949 0.00000000099999999949 0.00000000099999999949 0.99999998999999994975 
0.00000000099999999940 0.00000000099999999940 0.00000000099999999940 0.00000000099999999940 0.00000000099999999940 0.00000000099999999940 0.00000000099999999940 0.00000000099999999940 0.00000000099999999940 0.00000000099999999940 0.99999998999999994975 
0.00000000099999999978 0.00000000099999999978 0.00000000099999999978 0.00000000099999999978 0.00000000099999999978 0.00000000099999999978 0.03731500686864307886 0.00000000099999999978 0.00000000099999999978 0.00000000099999999978 0.96268498413135694669 
0.00000000099999999974 0.00000000099999999974 0.00000000099999999974 0.00000000099999999974 0.00000000099999999974 0.00000000099999999974 0.00000000099999999974 0.00000000099999999974 0.00000000099999999974 0.00000000099999999974 0.99999999000000006077 
0.00000000099999999982 0.00000000099999999982 0.00000000099999999982 0.00000000099999999982 0.00000000099999999982 0.00000000099999999982 0.01425922220832661833 0.00000000099999999982 0.00000000099999999982 0.00000000099999999982 0.98574076879167349396 
0.00000000099999999976 0.30926732171594673027 0.00000000099999999976 0.00000000099999999976 0.00000000099999999976 0.69073266928405330223 0.00000000099999999976 0.00000000099999999976 0.00000000099999999976 0.00000000099999999976 0.00000000099999999976 
0.00000000099999999984 0.13242196308282763728 0.00000000099999999984 0.00000000099999999984 0.00000000099999999984 0.84324312277159685358 0.00000000099999999984 0.00000000099999999984 0.00000000099999999984 0.01054361384992785929 0.01379129329564777150 
0.00000000099999999980 0.16001196987240989822 0.00000000099999999980 0.00000000099999999980 0.00000000099999999980 0.83998802112759018978 0.00000000099999999980 0.00000000099999999980 0.00000000099999999980 0.00000000099999999980 0.00000000099999999980 
0.00000000099999999984 0.31571399500765640056 0.00000000099999999984 0.00000000099999999984 0.00000000099999999984 0.67478188995409860151 0.00000000099999999984 0.00000000099999999984 0.00000000099999999984 0.00950410703824504551 0.00000000099999999984 
0.00000000099999999987 0.38206347723210237755 0.00000000099999999987 0.00000000099999999987 0.00000000099999999987 0.61095301567421933520 0.00000000099999999987 0.00000000099999999987 0.00000000099999999987 0.00000000099999999987 0.00698349909367832703 
0.00000000099999999985 0.38517654785017740871 0.00000000099999999985 0.00000000099999999985 0.00000000099999999985 0.60270185513850182968 0.00000000099999999985 0.00000000099999999985 0.00000000099999999985 0.01212158901132063572 0.00000000099999999985 
0.00000000099999999968 0.43207377833927745892 0.00000000099999999968 0.00000000099999999968 0.00000000099999999968 0.56792621266072262909 0.00000000099999999968 0.00000000099999999968 0.00000000099999999968 0.00000000099999999968 0.00000000099999999968 
0.00000000099999999983 0.21068870097092384785 0.00000000099999999983 0.00000000099999999983 0.00000000099999999983 0.78931129002907618464 0.00000000099999999983 0.00000000099999999983 0.00000000099999999983 0.00000000099999999983 0.00000000099999999983 
0.00000000099999999985 0.10926624253954618504 0.00000000099999999985 0.00000000099999999985 0.00000000099999999985 0.89073374846045394460 0.00000000099999999985 0.00000000099999999985 0.00000000099999999985 0.00000000099999999985 0.00000000099999999985 
0.00000000099999999964 0.00002152376897795148 0.00000000099999999964 0.00000000099999999964 0.00000000099999999964 0.99997846723102223887 0.00000000099999999964 0.00000000099999999964 0.00000000099999999964 0.00000000099999999964 0.00000000099999999964 
0.00000000099999999953 0.00000015688166563269 0.00000000099999999953 0.00000000099999999953 0.00000000099999999953 0.99999983411833448521 0.00000000099999999953 0.00000000099999999953 0.00000000099999999953 0.00000000099999999953 0.00000000099999999953 
0.00000000099999999989 0.05050844767339902203 0.01256077902217141162 0.00000000099999999989 0.00000000099999999989 0.93693076530442964689 0.00000000099999999989 0.00000000099999999989 0.00000000099999999989 0.00000000099999999989 0.00000000099999999989 
0.00000000099999999992 0.00000000099999999992 0.00830243450394936230 0.00000000099999999992 0.00000000099999999992 0.85765764196403249109 0.00000000099999999992 0.00000000099999999992 0.12055168085852766002 0.00000000099999999992 0.01348823567349062384 
0.00000000099999999996 0.00000000099999999996 0.03014902419989286264 0.01506142697450344251 0.01908603900418391619 0.79757968107281873582 0.00000000099999999996 0.00000000099999999996 0.13280401627782253970 0.00000000099999999996 0.00531980747077846414 
0.00000000099999999980 0.00000000099999999980 0.00000000099999999980 0.00000000099999999980 0.00000000099999999980 0.84286551438532619773 0.00000000099999999980 0.00000000099999999980 0.15713447661467380700 0.00000000099999999980 0.00000000099999999980 
0.00000000099999999978 0.02563455156365924623 0.00000000099999999978 0.00000000099999999978 0.00000000099999999978 0.78210648977214791699 0.00000000099999999978 0.00000000099999999978 0.19225895066419290691 0.00000000099999999978 0.00000000099999999978 
0.00000000099999999954 0.07113540295853765238 0.00000000099999999954 0.00000000099999999954 0.00000000099999999954 0.92886458804146243562 0.00000000099999999954 0.00000000099999999954 0.00000000099999999954 0.00000000099999999954 0.00000000099999999954 
0.00000000099999999967 0.10794837890768582689 0.02711695294575264953 0.00000000099999999967 0.00000000099999999967 0.70513944496497282799 0.00000000099999999967 0.00000000099999999967 0.15979521618158870622 0.00000000099999999967 0.00000000099999999967 
0.00000000099999999960 0.12067725967300826917 0.00000000099999999960 0.00000000099999999960 0.00000000099999999960 0.73809213698617182065 0.00000000099999999960 0.00000000099999999960 0.14123059534081996991 0.00000000099999999960 0.00000000099999999960 
0.00000000099999999954 0.17683438557500510968 0.00000000099999999954 0.00000000099999999954 0.00000000099999999954 0.67279947685640495436 0.00000000099999999954 0.00000000099999999954 0.15036612956859010670 0.00000000099999999954 0.00000000099999999954 
0.00000000099999999967 0.24914551722934477618 0.00000000099999999967 0.00000000099999999967 0.00000000099999999967 0.75085447377065528407 0.00000000099999999967 0.00000000099999999967 0.00000000099999999967 0.00000000099999999967 0.00000000099999999967 
0.00000000099999999971 0.00610676650195185380 0.00000000099999999971 0.00000000099999999971 0.00000000099999999971 0.99389322449804817783 0.00000000099999999971 0.00000000099999999971 0.00000000099999999971 0.00000000099999999971 0.00000000099999999971 
0.00000000099999999966 0.14467849663089865642 0.00000000099999999966 0.00000000099999999966 0.00000000099999999966 0.85532149436910154261 0.00000000099999999966 0.00000000099999999966 0.00000000099999999966 0.00000000099999999966 0.00000000099999999966 
0.00000000099999999983 0.00000000099999999983 0.02819151379814753555 0.00000000099999999983 0.00000000099999999983 0.79013620670046469385 0.00000000099999999983 0.00000000099999999983 0.18167227150138787195 0.00000000099999999983 0.00000000099999999983 
0.00000000099999999980 0.00000000099999999980 0.00000000099999999980 0.00000000099999999980 0.00000000099999999980 0.00000000099999999980 0.03249411108728319370 0.00000000099999999980 0.00000000099999999980 0.00000000099999999980 0.96750587991271685961 
0.00000000099999999967 0.00000000099999999967 0.00000000099999999967 0.00000000099999999967 0.00000000099999999967 0.00000000099999999967 0.00000000099999999967 0.00000000099999999967 0.00000000099999999967 0.09787718532467110100 0.90212280567532876496 
0.00000000099999999980 0.00000000099999999980 0.00000000099999999980 0.00000000099999999980 0.00000000099999999980 0.00000000099999999980 0.00000000099999999980 0.00000000099999999980 0.00000000099999999980 0.15397034977002857503 0.84602964122997148522 
0.00000000099999999982 0.00000000099999999982 0.00000000099999999982 0.00000000099999999982 0.00000000099999999982 0.00000000099999999982 0.00000000099999999982 0.00000000099999999982 0.00000000099999999982 0.00000000099999999982 0.99999999000000006077 
0.00000000099999999987 0.00000000099999999987 0.00000000099999999987 0.00000000099999999987 0.00000000099999999987 0.00000000099999999987 0.00000000099999999987 0.00000000099999999987 0.00000000099999999987 0.07764175079403951019 0.92235824020596057782 
0.00000000099999999988 0.00000000099999999988 0.00000000099999999988 0.00000000099999999988 0.00000000099999999988 0.02828601400138322855 0.00000000099999999988 0.00000000099999999988 0.00000000099999999988 0.00000000099999999988 0.97171397699861672415 
0.00000000099999999992 0.00000000099999999992 0.00000000099999999992 0.00000000099999999992 0.00000000099999999992 0.00000000099999999992 0.00000000099999999992 0.00000000099999999992 0.00000000099999999992 0.00000000099999999992 0.99999998999999994975 
0.00000000099999999953 0.00000000099999999953 0.00000000099999999953 0.00000000099999999953 0.00000000099999999953 0.00000000099999999953 0.04366127125104755924 0.00000000099999999953 0.00000000099999999953 0.01643099494493887452 0.93990772580401360514 
0.00000000099999999951 0.20919180863409864157 0.00000000099999999951 0.00000000099999999951 0.00000000099999999951 0.79080818236590155745 0.00000000099999999951 0.00000000099999999951 0.00000000099999999951 0.00000000099999999951 0.00000000099999999951 
0.00000000099999999992 0.21375665898412715693 0.00000000099999999992 0.07498316007507926928 0.00000000099999999992 0.64392500788863804573 0.00000000099999999992 0.00000000099999999992 0.06733516605215549011 0.00000000099999999992 0.00000000099999999992 
0.00000000099999999990 0.21602934653716648894 0.00000000099999999990 0.00000000099999999990 0.00000000099999999990 0.76834165832833856147 0.01562898713449512381 0.00000000099999999990 0.00000000099999999990 0.00000000099999999990 0.00000000099999999990 
0.00000000099999999988 0.20610385024642036145 0.00000000099999999988 0.00000000099999999988 0.00000000099999999988 0.79308033356343166087 0.00000000099999999988 0.00000000099999999988 0.00000383934886732815 0.00000000099999999988 0.00081196984128067951 
0.00000000099999999970 0.18096292388819260055 0.00000000099999999970 0.00000000099999999970 0.00000000099999999970 0.81903706711180757072 0.00000000099999999970 0.00000000099999999970 0.00000000099999999970 0.00000000099999999970 0.00000000099999999970 
0.00000000099999999929 0.31149872888897495171 0.00000000099999999929 0.00000000099999999929 0.00000000099999999929 0.68850126211102491425 0.00000000099999999929 0.00000000099999999929 0.00000000099999999929 0.00000000099999999929 0.00000000099999999929 
0.00000000099999999979 0.33304759079713991410 0.00000000099999999979 0.00000000099999999979 0.00000000099999999979 0.66136914077358910369 0.00000000099999999979 0.00000000099999999979 0.00000000099999999979 0.00558326042927099336 0.00000000099999999979 
0.00000000099999999924 0.27462425238984289333 0.00000000099999999924 0.00000000099999999924 0.00000000099999999924 0.71977147050249135063 0.00000000099999999924 0.00000000099999999924 0.00560426910766565530 0.00000000099999999924 0.00000000099999999924 
0.00000000099999999937 0.00000000099999999937 0.00000000099999999937 0.00000000099999999937 0.00000000099999999937 0.00000000099999999937 0.00000000099999999937 0.00000000099999999937 0.99999999000000006077 0.00000000099999999937 0.00000000099999999937 
0.00000000099999999976 0.03749624671983316920 0.00000000099999999976 0.00000000099999999976 0.00000000099999999976 0.00000000099999999976 0.00000000099999999976 0.00000000099999999976 0.96250374428016682860 0.00000000099999999976 0.00000000099999999976 
0.00000000099999999970 0.00000000099999999970 0.00000000099999999970 0.00000000099999999970 0.00000000099999999970 0.05999225944975477426 0.00000000099999999970 0.00000000099999999970 0.94000773155024530681 0.00000000099999999970 0.00000000099999999970 
0.00000000099999999930 0.00000000099999999930 0.00000000099999999930 0.00000000099999999930 0.00000000099999999930 0.00000000099999999930 0.00000000099999999930 0.00000000099999999930 0.99999998999999994975 0.00000000099999999930 0.00000000099999999930 
0.00000000099999999927 0.00000000099999999927 0.00000000099999999927 0.00000000099999999927 0.00000000099999999927 0.00000000099999999927 0.00000000099999999927 0.00000000099999999927 0.99999998999999994975 0.00000000099999999927 0.00000000099999999927 
0.00000000099999999935 0.03159036851733412060 0.00000000099999999935 0.00000000099999999935 0.00000000099999999935 0.00000000099999999935 0.00000000099999999935 0.00000000099999999935 0.96840962248266582169 0.00000000099999999935 0.00000000099999999935 
0.02341488714731718851 0.00000000099999999995 0.00000000099999999995 0.00000000099999999995 0.00000000099999999995 0.00000000717638677617 0.00000000099999999995 0.00000000099999999995 0.97658029143624025536 0.00000480724005570435 0.00000000099999999995 
0.18546585874523338622 0.00000000099999999956 0.00000000099999999956 0.00000000099999999956 0.00000000099999999956 0.00000000099999999956 0.00327568460047757571 0.00000000099999999956 0.00000000099999999956 0.20249255170846486296 0.60876589794582414150 
0.49107085052255072810 0.00000000099999999948 0.00000000099999999948 0.00000000099999999948 0.00000000099999999948 0.00000000099999999948 0.00000000099999999948 0.00000000099999999948 0.00000000099999999948 0.24498375810471545444 0.26394538337273371065 
0.18233273145660067183 0.00000000099999999947 0.00000000099999999947 0.00000000099999999947 0.00000000099999999947 0.00000000099999999947 0.10813023070228706957 0.00000000099999999947 0.00000000099999999947 0.14022276134325256658 0.56931426949785957081 
0.47710758925737295488 0.00000000099999999945 0.00000000099999999945 0.00000000099999999945 0.00000000099999999945 0.00000000099999999945 0.00000000099999999945 0.00000000099999999945 0.00000000099999999945 0.24925042756253584786 0.27364197518009103494 
0.27718932901087933729 0.00000000099999999954 0.00000000099999999954 0.00000000099999999954 0.00000000099999999954 0.00000000099999999954 0.05508769723056809731 0.00000000099999999954 0.00000000099999999954 0.23627360386877721554 0.43144936288977508987 
0.25301554506170775838 0.00000000099999999985 0.00797975811106754924 0.00000000099999999985 0.00000000099999999985 0.00000000099999999985 0.02905964131507115036 0.00000000099999999985 0.00000000099999999985 0.09991278860978097809 0.61003226090237239188 
0.75952756297154577769 0.00000000099999999923 0.00000000099999999923 0.00000000099999999923 0.00000000099999999923 0.00000000099999999923 0.00000000099999999923 0.00000000099999999923 0.00000000099999999923 0.24047242802845444909 0.00000000099999999923 
0.85491218513190658790 0.00000000099999999937 0.00000000099999999937 0.00000000099999999937 0.00000000099999999937 0.00000000099999999937 0.00000000099999999937 0.00000000099999999937 0.00000000099999999937 0.14508780586809358337 0.00000000099999999937 
0.84068356902151830656 0.00000000099999999929 0.00000000099999999929 0.00000000099999999929 0.00000000099999999929 0.00000000099999999929 0.00000000099999999929 0.00000000099999999929 0.00000000099999999929 0.15931642197848189246 0.00000000099999999929 
0.75048748841129508946 0.00000000099999999925 0.00000000099999999925 0.00000000099999999925 0.00000000099999999925 0.00000000099999999925 0.00000000099999999925 0.00000000099999999925 0.00000000099999999925 0.24951250258870499854 0.00000000099999999925 
0.71809148840163006255 0.00000000099999999927 0.00000000099999999927 0.00000000099999999927 0.00000000099999999927 0.00000000099999999927 0.00000000099999999927 0.00000000099999999927 0.00000000099999999927 0.28190850259837013647 0.00000000099999999927 
0.75081510626979786061 0.00000000099999999920 0.00000000099999999920 0.00000000099999999920 0.00000000099999999920 0.00000000099999999920 0.00000000099999999920 0.00000000099999999920 0.00000000099999999920 0.24918488473020239393 0.00000000099999999920 
0.87845737831035475285 0.00000000099999999926 0.00000000099999999926 0.00000000099999999926 0.00000000099999999926 0.00000000099999999926 0.00000000099999999926 0.00000000099999999926 0.00000000099999999926 0.12154261268964533516 0.00000000099999999926 
0.86257018985559263946 0.00000000099999999923 0.00000000099999999923 0.00000000099999999923 0.00000000099999999923 0.00000000099999999923 0.00000000099999999923 0.00000000099999999923 0.00000000099999999923 0.13742980114440758732 0.00000000099999999923 
0.00000000099999999889 0.00000000099999999889 0.00000000099999999889 0.00000000099999999889 0.00000000099999999889 0.00000000099999999889 0.99999998999999983873 0.00000000099999999889 0.00000000099999999889 0.00000000099999999889 0.00000000099999999889 
0.00000000099999999898 0.00000000099999999898 0.00000000099999999898 0.00000000099999999898 0.00000000099999999898 0.00000000099999999898 0.99999998999999983873 0.00000000099999999898 0.00000000099999999898 0.00000000099999999898 0.00000000099999999898 
0.00000000099999999892 0.00000000099999999892 0.00000000099999999892 0.00000000099999999892 0.00000000099999999892 0.00000000099999999892 0.99999998999999994975 0.00000000099999999892 0.00000000099999999892 0.00000000099999999892 0.00000000099999999892 
0.00000000099999999909 0.00000000099999999909 0.00000000099999999909 0.00000000099999999909 0.00000000099999999909 0.00000000099999999909 0.99999998999999994975 0.00000000099999999909 0.00000000099999999909 0.00000000099999999909 0.00000000099999999909 
0.00000000099999999898 0.00000000099999999898 0.00000000099999999898 0.00000000099999999898 0.00000000099999999898 0.00000000099999999898 0.99999998999999994975 0.00000000099999999898 0.00000000099999999898 0.00000000099999999898 0.00000000099999999898 
0.00000000099999999889 0.00000000099999999889 0.00000000099999999889 0.00000000099999999889 0.00000000099999999889 0.00000000099999999889 0.99999998999999983873 0.00000000099999999889 0.00000000099999999889 0.00000000099999999889 0.00000000099999999889 
0.00000000099999999883 0.00000000099999999883 0.00000000099999999883 0.00000000099999999883 0.00000000099999999883 0.00000000099999999883 0.99999998999999983873 0.00000000099999999883 0.00000000099999999883 0.00000000099999999883 0.00000000099999999883 
0.00000000099999999886 0.00000000099999999886 0.00000000099999999886 0.00000000099999999886 0.00000000099999999886 0.00000000099999999886 0.99999998999999994975 0.00000000099999999886 0.00000000099999999886 0.00000000099999999886 0.00000000099999999886 
0.00000000099999999949 0.00000000099999999949 0.00000000099999999949 0.00000000099999999949 0.00000000099999999949 0.99999999000000006077 0.00000000099999999949 0.00000000099999999949 0.00000000099999999949 0.00000000099999999949 0.00000000099999999949 
0.00000000099999999952 0.00000000099999999952 0.00000000099999999952 0.00000000099999999952 0.00000000099999999952 0.99999999000000006077 0.00000000099999999952 0.00000000099999999952 0.00000000099999999952 0.00000000099999999952 0.00000000099999999952 
0.00000000099999999975 0.00000000099999999975 0.00000000099999999975 0.00000000099999999975 0.00000000099999999975 0.99999999000000017180 0.00000000099999999975 0.00000000099999999975 0.00000000099999999975 0.00000000099999999975 0.00000000099999999975 
0.00000000099999999955 0.00000000099999999955 0.00000000099999999955 0.00000000099999999955 0.00000000099999999955 0.99999999000000017180 0.00000000099999999955 0.00000000099999999955 0.00000000099999999955 0.00000000099999999955 0.00000000099999999955 
0.00000000099999999954 0.00000000099999999954 0.00000000099999999954 0.00000000099999999954 0.00000000099999999954 0.99999999000000006077 0.00000000099999999954 0.00000000099999999954 0.00000000099999999954 0.00000000099999999954 0.00000000099999999954 
0.00000000099999999955 0.00000000099999999955 0.00000000099999999955 0.00000000099999999955 0.00000000099999999955 0.99999999000000017180 0.00000000099999999955 0.00000000099999999955 0.00000000099999999955 0.00000000099999999955 0.00000000099999999955 
0.00000000099999999951 0.00000000099999999951 0.00000000099999999951 0.00000000099999999951 0.00000000099999999951 0.99999999000000006077 0.00000000099999999951 0.00000000099999999951 0.00000000099999999951 0.00000000099999999951 0.00000000099999999951 
0.00000000099999999970 0.00000000099999999970 0.00000000099999999970 0.00000000099999999970 0.00000000099999999970 0.99999999000000006077 0.00000000099999999970 0.00000000099999999970 0.00000000099999999970 0.00000000099999999970 0.00000000099999999970 
0.00000000099999999964 0.00000000099999999964 0.00000000099999999964 0.00000000099999999964 0.00000000099999999964 0.00000000099999999964 0.00000000099999999964 0.00000000099999999964 0.00000000099999999964 0.99999999000000006077 0.00000000099999999964 
0.00000000099999999984 0.00000000099999999984 0.00000000099999999984 0.00000000099999999984 0.00000000099999999984 0.00000000099999999984 0.00000000099999999984 0.00000000099999999984 0.00000000099999999984 0.99999998999999994975 0.00000000099999999984 
0.00000000099999999941 0.00000000099999999941 0.00000000099999999941 0.00000000099999999941 0.00000000099999999941 0.00000000099999999941 0.00000000099999999941 0.00000000099999999941 0.00000000099999999941 0.99999999000000006077 0.00000000099999999941 
0.00000000099999999973 0.00000000099999999973 0.00000000099999999973 0.00000000099999999973 0.00000000099999999973 0.00000000099999999973 0.00000000099999999973 0.00000000099999999973 0.00000000099999999973 0.99999998999999994975 0.00000000099999999973 
0.00000000099999999978 0.00000000099999999978 0.00000000099999999978 0.00000000099999999978 0.00000000099999999978 0.00000000099999999978 0.00000000099999999978 0.00000000099999999978 0.00000000099999999978 0.99999998999999994975 0.00000000099999999978 
0.00000000099999999982 0.03233383541248754239 0.00000000099999999982 0.00000000099999999982 0.00000000099999999982 0.00000000099999999982 0.00002201824457533612 0.00000000099999999982 0.00000000099999999982 0.96764413834293716565 0.00000000099999999982 
0.00000000099999999988 0.00000000099999999988 0.00000000099999999988 0.00000000099999999988 0.00000000099999999988 0.07728739713206861373 0.00000000099999999988 0.00000000099999999988 0.00000000099999999988 0.88314892367742625634 0.03956367119050514802 
0.00000000099999999992 0.00000000099999999992 0.00000000099999999992 0.01416132241697709397 0.00000000099999999992 0.02512282475344507909 0.00000000099999999992 0.00000000099999999992 0.00000000099999999992 0.96071584482957783635 0.00000000099999999992 
0.00000000099999999947 0.00000000099999999947 0.00000000099999999947 0.00000000099999999947 0.00000000099999999947 0.00000000099999999947 0.00000000099999999947 0.00000000099999999947 0.99999998999999994975 0.00000000099999999947 0.00000000099999999947 
0.00000000099999999946 0.00000000099999999946 0.00000000099999999946 0.00000000099999999946 0.00000000099999999946 0.00000000099999999946 0.00000000099999999946 0.00000000099999999946 0.99999999000000006077 0.00000000099999999946 0.00000000099999999946 
0.00000000099999999984 0.00000000099999999984 0.00000000099999999984 0.00000000099999999984 0.00000000099999999984 0.00000000099999999984 0.00000000099999999984 0.00000000099999999984 0.99999998999999994975 0.00000000099999999984 0.00000000099999999984 
0.00000000099999999966 0.00000000099999999966 0.00000000099999999966 0.00000000099999999966 0.00000000099999999966 0.03164604696190155553 0.00000000099999999966 0.00000000099999999966 0.96835394403809849084 0.00000000099999999966 0.00000000099999999966 
0.00000000099999999959 0.00000000099999999959 0.00000000099999999959 0.00000000099999999959 0.00000000099999999959 0.01087973976380865807 0.00000000099999999959 0.00000000099999999959 0.98912025123619140565 0.00000000099999999959 0.00000000099999999959 
0.00000000099999999948 0.00000000099999999948 0.00000000099999999948 0.00000000099999999948 0.00000000099999999948 0.00000000099999999948 0.00000000099999999948 0.00000000099999999948 0.99999998999999994975 0.00000000099999999948 0.00000000099999999948 
0.00000000099999999957 0.00000000099999999957 0.00000000099999999957 0.00000000099999999957 0.00000000099999999957 0.00000000099999999957 0.00000000099999999957 0.00000000099999999957 0.99999998999999994975 0.00000000099999999957 0.00000000099999999957 
0.00000000099999999975 0.00000000099999999975 0.00000000099999999975 0.00000000099999999975 0.00000000099999999975 0.00000000099999999975 0.00000000099999999975 0.00000000099999999975 0.99999999000000006077 0.00000000099999999975 0.00000000099999999975 
0.00000000099999999959 0.00000000099999999959 0.00000000099999999959 0.00000000099999999959 0.00000000099999999959 0.00000167299912277883 0.00000000099999999959 0.00000000099999999959 0.99999831800087723988 0.00000000099999999959 0.00000000099999999959 
0.00000000099999999882 0.00000000099999999882 0.00000000099999999882 0.99999999000000006077 0.00000000099999999882 0.00000000099999999882 0.00000000099999999882 0.00000000099999999882 0.00000000099999999882 0.00000000099999999882 0.00000000099999999882 
0.00000000099999999952 0.00000000099999999952 0.00000000099999999952 0.99999999000000017180 0.00000000099999999952 0.00000000099999999952 0.00000000099999999952 0.00000000099999999952 0.00000000099999999952 0.00000000099999999952 0.00000000099999999952 
0.00000000099999999966 0.00000000099999999966 0.00000000099999999966 0.89115872214842084542 0.00000000099999999966 0.00000000099999999966 0.00000000099999999966 0.00000000099999999966 0.00000000099999999966 0.00000000099999999966 0.10884126885157943687 
0.00000000099999999885 0.00000000099999999885 0.00000000099999999885 0.99999998999999994975 0.00000000099999999885 0.00000000099999999885 0.00000000099999999885 0.00000000099999999885 0.00000000099999999885 0.00000000099999999885 0.00000000099999999885 
0.00000000099999999891 0.00000000099999999891 0.00000000099999999891 0.99999999000000006077 0.00000000099999999891 0.00000000099999999891 0.00000000099999999891 0.00000000099999999891 0.00000000099999999891 0.00000000099999999891 0.00000000099999999891 
0.00000000099999999886 0.00000000099999999886 0.00000000099999999886 0.99999999000000006077 0.00000000099999999886 0.00000000099999999886 0.00000000099999999886 0.00000000099999999886 0.00000000099999999886 0.00000000099999999886 0.00000000099999999886 
